123.57 129.26 146.46 141.65 7.47 24.83 128.04
125.19 131.26 149.76 144.32 8.35 26.96 130.07
124.63 130.42 147.51 142.70 7.60 24.95 129.15
124.38 130.45 150.28 145.54 7.80 29.37 129.57
124.49 130.52 150.42 146.46 7.19 30.06 129.76
124.24 130.31 150.07 145.37 7.76 29.26 129.42
124.31 130.38 150.53 146.11 7.56 30.09 129.59
125.26 131.33 151.72 146.49 8.25 30.06 130.49
124.73 130.80 151.41 146.77 7.76 30.72 130.05
124.45 130.52 151.02 145.68 8.28 29.97 129.67
124.56 130.63 151.16 146.07 8.10 30.23 129.81
125.50 131.61 150.14 145.44 7.83 27.66 130.52
124.66 130.73 151.30 146.77 7.67 30.74 129.99
124.70 130.80 150.63 145.90 7.84 29.47 129.91
124.49 130.52 150.25 144.84 8.29 28.70 129.56
125.43 131.51 151.30 146.70 7.75 29.65 130.65
123.96 130.03 149.76 144.32 8.31 28.59 129.04
124.03 129.93 146.91 142.11 7.64 24.77 128.58
124.73 130.80 148.91 143.90 7.99 26.60 129.60
123.85 129.44 146.74 141.93 7.41 24.95 128.29
124.28 130.28 150.00 144.63 8.23 28.65 129.33
124.28 129.79 147.19 142.39 7.39 25.13 128.70
124.98 131.01 150.77 146.11 7.75 29.42 130.16
123.82 129.36 146.70 141.89 7.39 24.97 128.24
124.21 130.24 148.81 143.33 8.30 26.82 129.06
123.96 129.96 150.49 144.84 8.45 29.61 129.10
124.94 130.98 150.77 146.07 7.78 29.44 130.12
124.10 130.10 150.42 144.98 8.29 29.48 129.24
124.14 130.17 150.11 145.30 7.82 29.40 129.31
124.84 130.84 151.23 145.76 8.36 29.72 129.99
124.87 130.91 150.35 144.77 8.44 28.22 129.88
124.35 130.38 150.84 145.19 8.49 29.62 129.50
124.73 130.77 149.34 144.74 7.66 27.58 129.72
125.40 131.40 151.20 145.68 8.41 28.89 130.46
124.84 130.84 151.34 146.00 8.26 29.99 130.02
124.63 130.59 150.42 144.95 8.31 28.78 129.67
124.03 129.54 146.84 142.14 7.29 25.01 128.44
124.14 130.10 149.90 144.49 8.22 28.67 129.18
124.14 129.65 147.02 142.21 7.38 25.05 128.55
124.24 130.21 149.97 144.60 8.20 28.67 129.28
123.96 129.51 146.81 142.03 7.37 24.97 128.38
124.07 130.00 149.93 145.16 7.71 29.32 129.19
124.38 129.89 147.26 142.49 7.37 25.13 128.80
125.08 131.05 151.58 146.21 8.27 30.04 130.26
124.28 130.24 150.21 146.21 7.16 30.04 129.52
124.94 130.91 150.74 146.11 7.68 29.48 130.10
125.01 130.98 152.11 146.60 8.39 30.84 130.25
125.05 131.01 149.62 145.79 7.03 28.22 130.11
124.52 130.49 151.13 146.46 7.70 30.61 129.78
124.56 130.52 150.49 145.65 7.82 29.46 129.70
123.71 129.68 149.55 145.68 7.02 29.86 128.95
124.98 130.94 148.84 144.91 7.09 27.05 129.90
124.14 130.14 149.90 144.46 8.27 28.62 129.18
125.08 131.12 149.76 145.16 7.68 27.76 130.09
124.24 130.28 148.77 144.11 7.68 27.32 129.20
123.36 128.87 146.28 141.51 7.31 24.99 127.77
124.35 130.35 150.11 144.74 8.23 28.72 129.41
124.42 129.89 147.30 142.53 7.34 25.16 128.82
124.80 130.80 148.70 144.00 7.70 26.47 129.63
123.92 129.40 146.84 142.07 7.32 25.12 128.33
124.94 130.91 150.74 146.14 7.65 29.51 130.10
123.75 129.19 146.63 141.86 7.28 25.06 128.13
123.82 129.82 149.86 144.95 7.86 29.38 128.98
124.84 130.80 151.55 146.77 7.80 30.77 130.11
124.87 130.87 150.84 146.04 7.84 29.58 130.05
124.03 130.03 149.90 146.04 7.06 29.96 129.29
124.98 130.94 148.88 145.02 7.04 27.16 129.91
124.14 130.14 149.83 145.26 7.60 29.18 129.28
124.80 130.77 151.48 145.90 8.42 30.09 129.97
123.96 129.93 150.42 144.95 8.29 29.66 129.10
125.57 131.58 150.18 145.93 7.41 28.04 130.61
124.73 130.73 149.93 145.76 7.32 28.84 129.86
124.77 130.77 149.48 145.72 6.99 28.41 129.87
124.24 130.24 148.14 144.21 7.08 26.94 129.17
124.24 129.75 147.16 142.42 7.33 25.18 128.67
124.35 130.35 150.21 144.91 8.18 28.94 129.43
124.38 129.89 147.33 142.53 7.39 25.21 128.81
124.17 130.17 150.04 144.56 8.31 28.77 129.23
124.49 130.03 147.44 142.67 7.40 25.23 128.94
124.28 130.31 150.18 144.74 8.31 28.84 129.36
124.31 129.86 147.23 142.46 7.39 25.14 128.75
124.10 130.10 150.21 145.26 7.90 29.53 129.27
125.08 131.12 152.53 146.14 9.14 30.69 130.29
124.84 130.87 151.44 146.07 8.31 30.10 130.05
124.84 130.87 151.44 146.07 8.31 30.10 130.05
124.98 130.98 149.72 145.83 7.11 28.40 130.07
124.77 130.77 152.04 146.49 8.44 31.01 130.04
124.77 130.77 152.04 146.49 8.44 31.01 130.04
123.92 129.96 150.74 146.07 7.72 30.76 129.24
124.31 130.31 148.98 144.25 7.72 27.52 129.27
123.75 129.79 150.46 145.79 7.71 30.56 129.05
125.01 131.08 149.69 145.05 7.73 27.70 130.03
124.49 130.52 150.46 144.91 8.41 28.92 129.58
123.61 129.12 146.53 141.75 7.32 25.04 128.02
123.68 129.72 149.51 144.07 8.27 28.61 128.75
124.35 129.96 147.26 142.49 7.44 25.10 128.81
124.14 130.17 150.00 144.53 8.33 28.73 129.21
123.26 128.77 146.21 141.40 7.33 25.00 127.66
124.87 130.91 149.51 144.14 8.26 27.08 129.76
124.00 129.51 146.95 142.14 7.37 25.13 128.42
124.38 130.38 150.98 145.54 8.31 29.97 129.56
123.82 129.29 146.77 141.93 7.37 25.10 128.22
124.21 130.21 148.81 144.00 7.76 27.34 129.14
124.28 130.24 150.28 146.21 7.21 30.09 129.52
125.22 131.23 149.93 145.30 7.69 27.84 130.22
124.10 130.10 150.49 145.05 8.29 29.59 129.25
124.14 130.14 150.00 145.26 7.74 29.31 129.29
124.21 130.17 150.77 152.84 2.35 35.74 130.03
124.56 130.56 150.42 147.86 6.07 31.07 129.97
124.35 130.35 150.91 153.86 1.67 36.45 130.23
125.29 131.30 151.41 148.60 6.30 31.43 130.72
124.45 130.45 150.28 144.88 8.27 28.82 129.52
125.12 131.12 151.69 147.12 7.68 30.75 130.41
123.96 129.96 149.72 144.35 8.21 28.64 129.02
124.63 130.17 147.51 142.70 7.43 25.12 129.06
124.38 130.38 150.18 144.74 8.29 28.73 129.44
124.42 129.93 147.30 142.53 7.37 25.13 128.84
124.84 130.84 149.30 143.97 8.20 26.86 129.69
123.61 129.12 146.53 141.75 7.32 25.04 128.02
125.22 131.23 149.02 145.12 7.10 27.00 130.15
124.35 129.86 147.26 142.49 7.36 25.17 128.77
125.05 131.05 148.88 144.21 7.69 26.43 129.87
124.87 130.80 151.16 145.76 8.26 29.66 129.99
124.91 130.87 150.74 146.04 7.73 29.48 130.06
124.07 130.03 150.60 146.11 7.54 30.54 129.33
125.33 131.30 149.93 145.26 7.70 27.70 130.29
124.80 130.77 150.60 146.81 7.02 30.10 130.06
125.15 131.12 149.83 145.12 7.71 27.74 130.12
124.00 129.93 150.42 144.91 8.29 29.61 129.11
124.94 130.91 149.51 144.88 7.65 27.59 129.89
125.01 130.98 148.91 144.14 7.74 26.48 129.82
125.36 131.37 149.23 145.33 7.11 27.13 130.31
124.84 130.80 150.70 145.12 8.40 28.85 129.88
124.24 130.00 147.19 142.39 7.55 25.01 128.76
124.35 130.35 150.11 144.67 8.29 28.67 129.40
123.15 128.70 146.11 141.30 7.35 24.95 127.57
124.49 130.49 150.32 144.88 8.30 28.80 129.55
124.52 130.07 147.44 142.67 7.40 25.18 128.97
124.31 130.28 150.14 145.51 7.64 29.40 129.46
124.31 129.89 147.30 142.46 7.47 25.17 128.77
124.73 130.70 150.63 145.86 7.78 29.49 129.88
123.89 129.86 150.49 145.86 7.64 30.50 129.15
124.24 130.21 150.14 145.40 7.72 29.42 129.39
124.31 130.31 149.97 145.30 7.69 29.08 129.44
124.94 130.94 149.51 144.95 7.62 27.62 129.92
125.05 131.01 151.79 147.05 7.79 30.90 130.33
125.08 131.05 149.69 145.12 7.60 27.73 130.05
124.24 130.21 150.95 146.25 7.71 30.69 129.51
124.31 130.31 150.88 145.47 8.28 29.93 129.49
124.07 130.07 148.67 143.26 8.21 26.87 128.92
124.73 130.73 150.60 145.86 7.77 29.44 129.90
124.80 130.77 150.53 145.19 8.21 28.81 129.86
123.61 129.12 146.56 141.75 7.35 25.06 128.02
124.59 130.63 149.16 143.75 8.26 26.89 129.46
123.71 129.33 146.67 141.86 7.43 25.01 128.17
124.14 130.14 149.93 144.49 8.27 28.68 129.19
123.54 129.12 146.46 141.68 7.37 24.98 127.98
124.24 130.24 150.11 145.33 7.77 29.31 129.39
124.28 129.82 147.23 142.39 7.44 25.14 128.71
124.66 130.66 149.48 143.79 8.47 27.10 129.52
123.82 129.82 150.28 144.67 8.41 29.50 128.95
125.12 131.12 151.65 146.28 8.30 30.08 130.31
125.19 131.19 151.72 146.11 8.50 29.91 130.35
124.94 130.91 150.95 146.18 7.79 29.70 130.11
124.42 130.38 150.84 145.40 8.29 29.73 129.56
124.45 130.42 151.02 145.72 8.18 30.06 129.63
124.52 130.49 151.16 153.09 2.47 35.82 130.34
124.59 130.56 151.09 145.97 8.05 30.12 129.79
124.66 130.59 151.23 150.28 4.76 33.49 130.27
124.70 130.66 151.30 146.91 7.49 30.87 129.99
124.49 130.42 150.25 145.37 7.82 29.17 129.59
123.57 129.05 146.46 141.72 7.27 25.03 127.97
124.91 130.84 150.56 145.47 8.00 28.94 129.97
123.08 128.52 145.93 141.19 7.22 24.91 127.45
125.05 131.01 148.77 144.18 7.61 26.35 129.85
124.14 129.65 146.98 142.28 7.30 25.08 128.55
124.24 130.21 148.11 143.44 7.62 26.36 129.04
123.68 129.12 146.63 141.82 7.31 25.12 128.07
124.35 130.35 150.14 145.51 7.67 29.33 129.51
124.14 130.10 150.67 145.12 8.35 29.75 129.28
123.85 129.86 150.39 145.09 8.17 29.86 129.04
123.64 129.61 150.28 145.65 7.62 30.50 128.90
125.50 131.51 150.18 145.47 7.76 27.79 130.49
124.07 130.07 150.67 146.07 7.64 30.54 129.34
125.01 131.05 149.72 145.05 7.73 27.75 130.01
124.17 130.17 150.70 146.14 7.62 30.48 129.45
125.15 131.15 149.83 145.19 7.69 27.77 130.14
124.03 130.00 150.04 146.00 7.17 30.06 129.27
124.38 130.38 148.98 144.35 7.64 27.51 129.34
125.08 131.05 150.91 145.40 8.36 28.90 130.14
125.43 131.40 150.00 145.65 7.46 27.90 130.43
124.24 130.24 148.14 143.51 7.62 26.41 129.07
124.31 129.75 147.16 142.42 7.29 25.13 128.70
124.10 130.07 149.86 144.42 8.25 28.64 129.13
123.78 129.40 146.67 141.89 7.41 24.94 128.23
124.80 130.80 149.37 144.00 8.23 26.99 129.66
124.21 129.79 147.12 142.35 7.41 25.10 128.66
124.31 130.31 150.11 145.54 7.61 29.38 129.48
123.40 128.98 146.32 141.58 7.33 24.98 127.84
125.33 131.33 150.00 145.33 7.72 27.78 130.32
124.24 130.21 150.70 145.90 7.79 30.23 129.46
124.28 130.28 150.00 146.18 7.04 29.82 129.52
124.38 130.35 150.84 145.37 8.31 29.75 129.53
125.01 131.01 151.55 146.14 8.32 30.03 130.20
124.17 130.17 150.74 146.14 7.65 30.51 129.45
125.12 131.15 151.27 146.25 8.04 29.72 130.31
124.31 130.31 150.91 146.25 7.71 30.54 129.59
125.57 131.58 150.14 145.47 7.73 27.67 130.55
124.45 130.42 150.35 144.74 8.41 28.80 129.49
124.17 130.21 150.84 145.30 8.41 29.93 129.36
124.84 130.84 150.53 145.16 8.26 28.72 129.90
124.87 130.49 147.79 142.95 7.52 25.15 129.34
124.35 130.38 150.14 145.33 7.83 29.17 129.50
123.47 128.98 146.39 141.58 7.34 24.98 127.87
124.49 130.52 149.05 144.42 7.67 27.45 129.46
124.52 130.14 147.44 142.67 7.45 25.13 128.99
125.22 131.23 151.13 166.57 -8.90 46.05 130.77
124.03 129.65 146.95 142.11 7.47 24.99 128.48
124.42 130.45 149.09 145.23 7.08 28.18 129.51
124.17 130.21 150.81 146.14 7.73 30.54 129.46
125.12 131.19 149.79 145.12 7.76 27.69 130.13
124.91 130.94 151.55 146.91 7.74 30.73 130.21
124.66 130.70 149.26 144.88 7.49 27.73 129.68
123.78 129.86 150.25 145.44 7.84 30.06 129.04
125.68 131.75 151.20 145.65 8.49 28.44 130.73
124.84 130.87 151.41 145.79 8.50 29.86 130.01
125.22 131.26 151.09 146.39 7.80 29.55 130.41
124.70 130.73 149.26 144.60 7.71 27.47 129.67
124.73 130.80 150.67 146.91 7.06 30.25 130.05
124.80 130.84 148.74 144.00 7.75 26.47 129.65
123.61 129.19 146.53 141.75 7.37 24.99 128.05
124.63 130.66 149.16 143.75 8.27 26.85 129.49
123.40 128.98 146.32 141.51 7.39 24.92 127.83
124.14 130.17 149.93 144.53 8.27 28.68 129.21
124.14 129.72 147.05 142.32 7.37 25.11 128.59
124.84 130.91 149.44 144.77 7.74 27.53 129.83
123.96 129.58 146.88 142.03 7.47 24.98 128.41
124.94 131.01 149.48 144.88 7.69 27.49 129.93
124.10 130.17 150.74 146.11 7.72 30.53 129.41
124.80 130.84 150.67 145.97 7.77 29.46 129.99
123.96 130.03 150.63 145.97 7.74 30.53 129.27
124.91 131.01 149.51 144.88 7.74 27.54 129.92
123.75 129.82 149.69 145.90 7.04 30.01 129.05
125.33 131.40 151.09 147.26 7.14 30.06 130.62
124.49 130.56 151.13 146.60 7.66 30.70 129.81
124.84 130.94 149.48 145.61 7.15 28.17 129.96
124.91 131.01 149.44 144.18 8.22 26.96 129.82
124.66 130.73 150.42 145.93 7.62 29.40 129.87
124.42 130.45 150.14 144.77 8.26 28.66 129.49
124.45 130.00 147.37 142.56 7.42 25.14 128.89
124.24 130.31 149.90 144.60 8.22 28.54 129.32
124.28 129.82 147.16 142.35 7.41 25.06 128.70
124.70 130.77 150.46 145.05 8.33 28.72 129.79
123.78 129.36 146.70 141.93 7.38 25.02 128.23
124.49 130.56 150.28 144.88 8.32 28.73 129.58
124.56 130.17 147.44 142.67 7.45 25.09 129.02
124.63 130.73 149.26 144.70 7.67 27.59 129.65
124.70 130.77 151.23 145.68 8.46 29.80 129.89
124.42 130.49 150.25 145.51 7.80 29.27 129.60
123.61 129.68 150.32 144.81 8.37 29.87 128.82
125.47 131.54 150.11 145.33 7.86 27.63 130.46
124.63 130.70 151.20 145.54 8.54 29.76 129.81
124.66 130.77 150.60 145.83 7.87 29.44 129.87
124.73 130.80 151.02 146.25 7.86 30.02 129.98
124.49 130.56 149.05 144.42 7.69 27.43 129.47
124.28 130.38 150.98 146.28 7.81 30.60 129.60
124.35 130.42 150.28 145.47 7.85 29.37 129.53
124.38 130.49 150.18 144.74 8.36 28.66 129.48
124.14 129.93 147.02 142.21 7.57 24.86 128.65
124.84 130.91 149.41 143.97 8.33 26.89 129.72
123.92 129.54 146.88 142.00 7.49 25.00 128.37
124.03 130.10 149.83 144.39 8.32 28.61 129.11
123.15 128.73 146.11 141.23 7.43 24.88 127.57
125.08 131.15 149.62 144.21 8.32 26.91 129.97
123.89 129.72 146.81 141.96 7.61 24.82 128.42
124.59 130.63 150.39 145.65 7.79 29.28 129.76
124.63 130.17 147.55 142.67 7.48 25.12 129.06
124.70 130.73 150.21 144.70 8.38 28.29 129.72
124.49 130.56 151.13 145.76 8.31 30.05 129.71
124.52 130.63 150.42 145.58 7.91 29.30 129.72
124.28 130.35 150.88 146.28 7.70 30.54 129.59
124.66 130.73 150.21 144.56 8.51 28.20 129.68
124.10 130.17 150.60 146.04 7.66 30.37 129.40
125.08 131.12 149.65 145.05 7.68 27.60 130.07
124.24 130.28 150.81 145.19 8.46 29.73 129.41
124.91 130.94 150.70 146.04 7.75 29.40 130.09
124.07 130.07 149.97 144.35 8.41 28.69 129.11
124.73 130.73 149.34 144.77 7.61 27.63 129.71
124.77 130.84 149.44 143.97 8.36 27.01 129.66
123.89 129.47 147.44 142.00 7.91 25.50 128.37
124.59 130.63 150.42 144.95 8.35 28.78 129.67
124.35 130.03 147.26 142.46 7.51 25.03 128.83
124.45 130.49 150.32 144.74 8.43 28.72 129.52
123.85 129.47 146.77 141.96 7.44 24.98 128.31
124.87 130.91 149.51 144.70 7.83 27.50 129.84
123.64 129.22 146.67 141.75 7.48 25.05 128.08
124.66 130.73 149.34 143.90 8.32 27.02 129.56
124.77 130.80 151.51 145.76 8.61 30.01 129.95
124.80 130.87 150.32 144.77 8.44 28.26 129.83
123.92 130.03 150.63 146.00 7.74 30.58 129.26
124.91 130.98 150.81 146.00 7.89 29.43 130.10
124.35 130.42 150.81 145.33 8.38 29.67 129.53
125.29 131.40 150.04 146.07 7.25 28.34 130.42
124.49 130.56 151.02 146.14 7.93 30.27 129.76
124.24 130.35 150.21 145.47 7.82 29.43 129.46
124.31 130.42 148.88 143.82 8.03 27.05 129.25
124.98 131.08 150.98 146.11 7.97 29.53 130.19
124.45 130.49 148.98 143.61 8.23 26.84 129.31
123.85 129.51 146.81 141.93 7.51 24.96 128.32
124.87 130.94 150.70 145.19 8.42 28.78 129.96
124.31 130.03 147.19 142.39 7.53 24.94 128.80
125.29 131.33 149.62 144.46 8.11 26.84 130.16
124.42 129.93 147.33 142.53 7.39 25.16 128.84
124.80 130.84 150.74 145.97 7.83 29.52 129.99
124.84 130.59 147.76 142.91 7.61 25.04 129.36
125.26 131.30 149.12 145.19 7.16 27.06 130.21
124.10 130.14 150.67 146.18 7.59 30.55 129.40
124.45 130.49 150.28 145.61 7.73 29.36 129.63
123.92 129.96 150.49 144.84 8.47 29.64 129.08
124.00 130.00 148.56 143.37 8.04 26.96 128.87
124.07 130.10 150.56 144.95 8.45 29.58 129.22
124.70 130.73 149.26 144.56 7.74 27.44 129.66
124.77 130.80 151.27 145.79 8.38 29.84 129.95
124.80 130.87 149.44 144.77 7.74 27.57 129.80
124.87 130.94 149.26 144.04 8.17 26.79 129.75
124.94 131.01 149.58 144.88 7.77 27.57 129.94
124.70 130.77 150.49 145.05 8.36 28.75 129.79
123.78 129.68 146.67 141.89 7.60 24.75 128.34
124.21 130.28 148.11 143.40 7.71 26.30 129.05
123.92 129.47 146.88 142.03 7.42 25.07 128.35
123.75 129.79 149.58 144.07 8.33 28.57 128.81
124.70 130.31 147.62 142.77 7.51 25.11 129.16
125.40 131.44 151.34 146.56 7.86 29.64 130.59
124.49 130.03 147.44 142.56 7.48 25.15 128.92
124.31 130.35 150.14 145.61 7.61 29.43 129.50
124.38 130.42 150.53 146.39 7.32 30.23 129.67
125.61 131.68 151.48 147.51 7.27 30.17 130.91
123.89 129.93 149.86 145.97 7.10 30.04 129.17
124.24 130.28 148.81 144.18 7.66 27.40 129.21
124.00 130.00 150.46 144.95 8.34 29.62 129.14
124.94 130.98 149.62 145.02 7.67 27.73 129.95
124.10 130.14 150.77 146.11 7.73 30.58 129.40
125.05 131.08 151.02 146.21 7.87 29.60 130.24
124.84 130.87 151.37 145.79 8.47 29.83 130.01
124.91 130.94 151.51 146.07 8.37 30.06 130.11
124.07 130.10 149.90 144.39 8.35 28.64 129.13
123.47 128.98 146.46 141.54 7.42 25.01 127.87
124.80 130.80 150.60 145.12 8.34 28.79 129.86
124.21 129.75 147.12 142.32 7.41 25.10 128.64
124.59 130.63 148.56 143.75 7.79 26.43 129.43
124.66 130.24 147.55 142.74 7.46 25.10 129.11
124.14 130.17 148.67 143.26 8.24 26.75 128.99
124.73 130.31 147.65 142.84 7.46 25.17 129.19
124.84 130.84 150.70 146.00 7.75 29.49 130.01
124.00 130.00 150.39 145.97 7.50 30.34 129.26
124.98 130.98 149.58 144.14 8.29 27.02 129.84
124.45 130.49 151.13 146.46 7.75 30.66 129.75
124.80 130.80 150.70 146.00 7.75 29.54 129.98
123.96 129.96 150.35 146.07 7.39 30.43 129.24
124.91 130.91 150.81 150.00 4.70 32.56 130.49
124.70 130.66 150.53 153.30 1.80 35.25 130.50
124.73 130.73 150.53 147.69 6.30 30.78 130.10
124.52 130.49 151.16 150.39 4.64 33.68 130.17
124.56 130.56 150.42 145.68 7.76 29.40 129.72
124.63 130.63 150.32 144.91 8.27 28.64 129.68
125.29 131.26 149.93 145.19 7.75 27.69 130.25
125.05 131.05 149.62 144.21 8.27 27.01 129.91
124.17 129.65 147.02 142.28 7.30 25.08 128.57
124.28 130.21 150.00 144.60 8.21 28.67 129.30
124.03 129.47 146.95 142.14 7.33 25.13 128.42
124.73 130.70 150.53 145.05 8.31 28.80 129.78
124.14 129.65 146.98 142.21 7.35 25.03 128.54
125.15 131.12 150.98 146.21 7.80 29.48 130.30
123.96 129.68 146.81 142.03 7.49 24.85 128.44
124.94 130.94 149.62 145.02 7.65 27.76 129.93
124.73 130.73 151.37 146.70 7.74 30.69 130.02
124.77 130.73 151.41 145.86 8.39 30.05 129.93
124.84 130.80 150.53 145.86 7.70 29.27 129.97
124.59 130.59 148.74 144.63 7.24 27.25 129.55
124.35 130.31 150.91 146.35 7.61 30.60 129.61
124.70 130.70 149.09 144.70 7.46 27.43 129.66
123.85 129.82 149.41 145.51 7.04 29.43 129.04
125.15 131.15 151.79 148.07 7.02 31.51 130.55
124.31 130.28 149.44 144.63 7.76 28.19 129.33
124.94 130.94 149.58 144.98 7.65 27.70 129.93
125.05 131.01 150.21 145.37 7.83 28.37 130.08
123.82 129.33 146.67 141.93 7.31 24.99 128.23
123.92 129.89 149.65 144.25 8.21 28.58 128.96
124.56 130.03 147.44 142.70 7.32 25.21 128.97
124.66 130.63 149.83 145.02 7.78 28.32 129.69
123.75 129.29 146.63 141.89 7.33 25.01 128.18
124.14 130.14 150.14 145.26 7.85 29.42 129.29
123.89 129.58 146.77 142.00 7.46 24.92 128.37
125.19 131.15 148.91 144.95 7.13 26.85 130.08
124.38 130.35 150.77 145.30 8.31 29.64 129.51
124.73 130.73 151.41 146.14 8.20 30.29 129.95
123.89 129.89 149.65 145.93 6.94 29.87 129.15
124.84 130.84 151.41 145.97 8.34 30.02 130.02
124.91 130.91 150.70 146.77 7.16 29.99 130.16
124.66 130.63 151.16 145.72 8.30 29.89 129.82
124.70 130.70 150.53 146.00 7.61 29.54 129.88
124.77 130.80 150.88 145.23 8.51 29.11 129.87
124.24 130.24 148.21 143.40 7.75 26.39 129.06
124.28 130.31 150.00 145.47 7.60 29.26 129.45
124.03 130.03 149.79 144.42 8.21 28.65 129.09
124.07 129.86 146.91 142.21 7.49 24.88 128.59
124.17 130.17 147.97 143.40 7.56 26.29 128.99
124.21 129.79 147.02 142.35 7.32 25.02 128.65
124.63 130.59 150.39 145.02 8.23 28.80 129.68
123.75 129.22 146.60 141.89 7.25 25.03 128.15
124.45 130.45 150.25 146.60 6.91 30.10 129.73
123.57 129.05 146.42 141.72 7.24 25.00 127.97
124.56 130.56 149.05 144.56 7.54 27.49 129.52
124.03 130.03 150.46 145.02 8.29 29.63 129.18
124.98 131.01 149.55 144.91 7.70 27.55 129.96
124.14 130.14 150.56 145.12 8.29 29.65 129.29
124.80 130.84 151.34 146.11 8.20 30.09 130.02
124.87 130.87 151.37 145.86 8.39 29.86 130.04
124.91 130.94 149.62 144.95 7.72 27.73 129.91
124.66 130.70 151.30 153.37 2.41 35.92 130.52
124.73 130.80 149.34 144.84 7.60 27.64 129.75
123.92 129.96 148.42 143.09 8.17 26.71 128.78
125.78 131.82 150.42 145.16 8.23 27.34 130.71
124.98 130.98 150.74 145.30 8.32 28.80 130.04
123.78 129.26 146.70 141.89 7.34 25.07 128.18
124.45 130.45 148.95 143.61 8.18 26.84 129.30
124.49 130.00 147.40 142.63 7.37 25.20 128.92
124.28 130.31 150.07 144.63 8.31 28.68 129.35
124.31 130.14 147.23 142.42 7.61 24.93 128.85
124.73 130.73 149.30 143.82 8.30 26.89 129.58
124.14 129.68 147.05 142.21 7.43 25.06 128.56
124.21 130.24 148.81 143.40 8.24 26.87 129.07
124.31 130.31 150.84 146.32 7.60 30.54 129.59
124.66 130.66 149.19 144.60 7.63 27.48 129.62
124.45 130.45 150.81 145.44 8.26 29.66 129.61
125.12 131.12 150.95 146.25 7.77 29.50 130.29
124.28 130.28 150.81 145.33 8.33 29.81 129.44
124.31 130.35 149.02 144.28 7.74 27.55 129.29
124.38 130.38 150.84 145.47 8.25 29.81 129.55
125.05 131.05 150.88 146.56 7.46 29.78 130.26
124.52 130.49 150.88 146.14 7.75 30.18 129.74
124.56 130.56 149.16 144.53 7.65 27.54 129.52
124.63 130.63 149.16 143.79 8.21 26.90 129.48
124.07 129.51 146.84 142.07 7.30 24.96 128.43
124.14 130.14 148.14 143.26 7.80 26.37 128.95
123.89 129.40 146.70 141.89 7.36 24.90 128.28
124.87 130.87 148.81 143.97 7.81 26.43 129.69
123.71 129.22 146.53 141.75 7.33 24.90 128.11
124.14 130.10 148.42 143.26 7.99 26.61 128.95
123.85 129.36 146.60 141.89 7.28 24.87 128.25
124.84 130.84 148.98 143.97 7.95 26.61 129.67
123.68 129.12 146.53 141.72 7.30 24.96 128.05
124.38 130.31 148.07 143.47 7.54 26.19 129.15
125.05 131.01 151.34 145.90 8.32 29.65 130.18
124.17 130.17 150.00 145.30 7.71 29.29 129.33
124.24 130.24 150.67 145.12 8.38 29.59 129.38
124.91 130.87 149.48 144.81 7.67 27.56 129.85
124.98 130.98 151.62 146.98 7.72 30.77 130.27
124.42 130.42 149.05 144.35 7.70 27.52 129.38
124.17 130.17 150.53 145.12 8.27 29.57 129.32
124.56 130.56 150.32 145.72 7.65 29.35 129.72
124.03 130.00 149.76 144.39 8.19 28.62 129.07
124.98 130.98 151.02 146.07 7.95 29.61 130.15
124.14 130.14 149.93 144.46 8.30 28.65 129.19
123.85 129.40 146.81 141.93 7.44 25.03 128.28
124.84 130.87 149.23 144.11 8.06 26.88 129.72
123.96 129.54 146.84 142.11 7.36 25.03 128.40
125.61 131.58 149.48 144.84 7.67 26.65 130.44
124.70 130.21 147.58 142.81 7.38 25.18 129.12
124.49 130.49 149.05 143.65 8.23 26.90 129.34
124.21 129.68 147.12 142.35 7.33 25.17 128.62
124.91 130.91 150.84 146.84 7.21 30.15 130.17
123.47 129.47 149.93 144.46 8.28 29.53 128.61
124.77 130.77 150.70 145.90 7.83 29.50 129.93
124.52 130.52 151.16 146.49 7.73 30.64 129.80
124.59 130.56 149.16 144.60 7.57 27.57 129.55
124.66 130.63 151.16 145.68 8.33 29.87 129.82
125.29 131.30 149.97 145.30 7.72 27.77 130.28
125.08 131.08 151.65 153.72 2.39 35.94 130.93
125.12 131.15 149.76 145.26 7.60 27.79 130.13
124.31 130.28 150.07 144.53 8.34 28.60 129.34
125.26 131.26 149.93 145.16 7.80 27.69 130.23
124.10 130.07 149.90 144.35 8.33 28.61 129.13
123.22 128.80 146.11 141.30 7.38 24.84 127.64
124.24 130.21 148.74 143.33 8.19 26.77 129.06
124.24 129.75 147.16 142.32 7.41 25.10 128.66
124.98 130.98 150.84 145.30 8.41 28.88 130.04
124.07 129.93 147.12 142.18 7.73 24.96 128.62
124.77 130.77 150.63 145.90 7.77 29.45 129.93
124.21 129.89 147.12 142.32 7.50 25.00 128.69
124.21 129.89 147.12 142.32 7.50 25.00 128.69
124.66 130.66 150.28 145.93 7.46 29.34 129.83
124.66 130.66 150.28 145.93 7.46 29.34 129.83
124.49 130.49 150.91 145.47 8.31 29.72 129.65
124.84 130.87 148.70 144.81 7.11 27.00 129.79
124.31 130.31 150.95 146.28 7.71 30.60 129.59
124.66 130.66 150.00 144.74 8.16 28.22 129.67
123.82 129.82 150.35 144.81 8.36 29.66 128.97
125.08 131.12 150.91 146.18 7.82 29.44 130.26
124.00 130.00 147.83 143.86 7.09 26.76 128.90
124.63 130.66 150.53 145.79 7.79 29.45 129.81
125.33 131.33 151.09 145.68 8.32 28.90 130.40
124.42 129.93 147.37 142.53 7.42 25.19 128.84
124.21 130.21 150.00 144.53 8.31 28.67 129.26
123.61 129.33 146.53 141.72 7.49 24.87 128.09
124.63 130.66 150.49 144.98 8.38 28.81 129.71
124.66 130.24 147.58 142.77 7.46 25.16 129.12
124.73 130.77 150.63 149.55 4.94 32.28 130.31
124.49 130.00 147.37 142.56 7.40 25.12 128.90
124.24 130.24 150.14 146.32 7.04 30.08 129.51
124.31 130.35 150.95 145.97 7.98 30.33 129.57
125.29 131.33 149.93 145.26 7.74 27.70 130.29
124.17 130.17 150.07 146.21 7.06 30.04 129.44
124.21 130.21 150.14 145.33 7.80 29.38 129.36
124.31 130.31 150.88 146.28 7.66 30.54 129.59
125.26 131.30 150.04 145.19 7.88 27.77 130.25
124.10 130.10 149.86 145.05 7.79 29.09 129.23
125.05 131.08 149.05 145.09 7.18 27.21 130.02
124.21 130.21 150.63 152.88 2.24 35.63 130.04
125.19 131.19 151.79 146.46 8.28 30.23 130.40
124.63 130.66 149.19 144.11 8.03 27.14 129.54
124.03 129.54 147.09 142.21 7.43 25.25 128.46
124.42 130.49 150.21 144.77 8.34 28.69 129.50
123.54 129.40 146.46 141.68 7.56 24.79 128.08
124.56 130.59 150.39 144.95 8.33 28.80 129.64
123.68 129.26 146.63 141.89 7.35 25.08 128.13
124.38 130.42 150.21 144.81 8.29 28.79 129.46
123.50 129.05 146.42 141.68 7.32 25.02 127.93
125.43 131.47 150.14 145.47 7.75 27.83 130.44
124.87 130.94 151.55 145.86 8.58 29.95 130.07
124.94 130.98 151.51 146.11 8.34 30.04 130.15
124.10 130.14 150.81 145.44 8.27 30.10 129.32
124.45 130.49 149.83 143.68 8.84 27.55 129.36
124.24 130.28 150.95 145.51 8.33 30.08 129.45
124.87 130.91 149.65 144.88 7.80 27.75 129.87
124.03 130.03 150.74 146.11 7.67 30.67 129.32
124.10 130.10 150.67 145.26 8.27 29.88 129.28
124.17 130.17 150.74 145.12 8.43 29.74 129.32
124.52 130.56 151.16 145.68 8.37 30.01 129.72
124.59 130.63 150.39 144.98 8.30 28.78 129.67
124.66 130.70 150.56 145.83 7.79 29.46 129.84
123.82 129.82 149.62 144.18 8.26 28.61 128.87
124.45 130.03 147.37 142.60 7.42 25.14 128.91
124.52 130.56 148.77 143.72 7.98 26.66 129.38
124.24 129.96 147.23 142.42 7.53 25.09 128.75
124.35 130.38 148.32 143.54 7.75 26.41 129.18
124.38 130.00 147.30 142.56 7.41 25.13 128.85
123.85 129.89 150.35 145.05 8.19 29.78 129.05
124.77 130.31 147.72 142.95 7.41 25.28 129.22
124.87 130.91 150.81 146.95 7.13 30.23 130.17
124.35 130.38 150.74 145.26 8.36 29.59 129.51
125.01 131.05 149.58 144.28 8.21 27.06 129.90
124.80 130.84 151.55 146.84 7.80 30.82 130.11
124.84 130.91 150.91 146.07 7.91 29.66 130.05
124.91 130.94 151.02 146.95 7.30 30.35 130.20
125.57 131.61 150.25 145.54 7.79 27.78 130.57
124.73 130.73 151.37 146.07 8.23 30.21 129.94
124.77 130.77 150.67 145.93 7.77 29.50 129.94
124.84 130.87 149.48 144.00 8.33 27.00 129.71
125.19 131.30 149.93 144.39 8.46 27.13 130.11
124.66 130.66 150.53 145.02 8.36 28.84 129.73
124.38 129.96 147.37 142.53 7.47 25.18 128.84
124.45 130.52 149.05 143.72 8.23 26.95 129.35
124.49 130.10 147.37 142.63 7.42 25.10 128.95
125.22 131.26 151.05 145.68 8.31 28.99 130.32
124.66 130.17 147.58 142.81 7.38 25.23 129.10
124.73 130.77 150.53 165.34 -8.29 45.15 130.37
124.14 129.68 147.12 142.35 7.38 25.21 128.59
124.87 130.91 148.74 144.95 7.03 27.09 129.84
124.63 130.66 151.27 146.32 7.97 30.43 129.89
124.66 130.70 149.34 145.51 7.06 28.26 129.76
123.82 129.86 149.72 161.20 -5.38 42.21 129.69
124.49 130.52 150.46 146.46 7.22 30.09 129.77
123.64 129.65 150.28 152.28 2.42 35.62 129.48
125.22 131.23 149.97 146.07 7.12 28.45 130.32
124.38 130.38 150.49 146.49 7.19 30.31 129.66
124.70 130.73 149.41 144.95 7.55 27.84 129.72
124.21 130.24 150.00 144.63 8.25 28.72 129.28
124.24 130.31 148.91 144.35 7.63 27.59 129.25
124.94 130.94 150.70 145.37 8.24 28.87 130.02
124.38 129.96 147.30 142.53 7.41 25.13 128.84
125.05 131.08 149.09 144.28 7.82 26.63 129.91
124.17 129.65 147.12 142.35 7.33 25.22 128.59
125.19 131.23 149.76 144.46 8.22 27.09 130.08
124.31 129.82 147.23 142.46 7.36 25.17 128.74
124.07 130.10 149.97 145.33 7.68 29.41 129.25
124.10 129.65 147.02 142.25 7.38 25.10 128.54
123.89 129.89 149.76 145.12 7.64 29.34 129.05
124.87 130.87 151.37 146.00 8.28 29.97 130.06
124.91 130.94 149.51 144.91 7.67 27.62 129.90
124.73 130.73 151.20 145.86 8.25 29.91 129.91
125.68 131.68 150.07 145.83 7.41 27.74 130.68
124.84 130.80 151.30 146.56 7.77 30.41 130.08
125.50 131.51 151.41 146.84 7.68 29.80 130.71
124.66 130.63 150.32 145.68 7.66 29.21 129.79
124.70 130.70 148.53 144.74 7.00 27.03 129.64
125.36 131.37 151.13 145.79 8.27 28.96 130.45
125.71 131.72 150.39 145.79 7.69 27.91 130.72
124.87 130.87 148.77 144.53 7.36 26.82 129.77
123.68 129.12 146.63 141.86 7.28 25.15 128.07
124.38 130.38 148.98 143.75 8.09 27.06 129.26
124.10 129.93 147.02 142.25 7.57 24.91 128.64
124.21 130.17 148.77 143.44 8.14 26.92 129.05
123.64 129.51 146.56 141.79 7.57 24.81 128.19
125.26 131.26 149.83 144.42 8.28 27.05 130.12
123.47 128.91 146.35 141.61 7.24 25.03 127.85
124.49 130.42 149.05 143.68 8.16 26.97 129.32
123.92 129.89 150.56 145.97 7.61 30.59 129.19
124.87 130.84 150.77 146.07 7.73 29.58 130.03
124.98 130.91 151.41 145.97 8.29 29.88 130.12
125.33 131.33 149.86 145.09 7.80 27.48 130.28
125.08 131.05 151.90 146.11 8.61 30.21 130.25
124.84 130.80 150.63 145.97 7.70 29.43 129.99
124.59 130.59 151.23 145.86 8.27 30.13 129.79
124.66 130.63 151.16 145.79 8.25 29.95 129.83
124.73 130.70 151.16 145.68 8.33 29.77 129.88
124.49 130.45 150.28 145.61 7.68 29.36 129.63
123.96 129.93 147.83 143.09 7.65 26.25 128.75
123.68 129.26 146.67 141.82 7.43 25.05 128.12
124.38 130.38 148.91 143.58 8.17 26.88 129.23
123.50 128.94 146.39 141.61 7.27 25.01 127.88
125.12 131.12 150.88 145.47 8.31 28.86 130.19
124.52 130.00 147.37 142.70 7.27 25.20 128.94
124.59 130.59 150.32 144.98 8.22 28.74 129.66
123.71 129.33 146.63 141.86 7.40 24.98 128.17
124.42 130.42 150.32 145.65 7.70 29.48 129.59
124.42 130.00 147.33 142.56 7.42 25.14 128.87
125.43 131.44 150.11 144.63 8.35 27.19 130.31
124.59 130.59 151.20 146.63 7.65 30.69 129.88
124.35 130.35 150.25 145.72 7.59 29.57 129.54
123.82 129.82 150.46 145.93 7.58 30.60 129.11
125.08 131.12 149.69 145.09 7.68 27.65 130.08
124.24 130.28 150.74 145.30 8.33 29.76 129.42
124.59 130.66 150.67 145.79 7.93 29.58 129.80
124.66 130.73 151.20 145.65 8.46 29.80 129.85
125.33 131.37 151.90 146.49 8.37 30.13 130.54
124.49 130.52 150.35 144.91 8.32 28.83 129.57
124.56 130.59 151.16 146.70 7.59 30.73 129.87
124.00 130.03 149.76 144.42 8.21 28.65 129.07
124.03 129.61 146.98 142.14 7.45 25.07 128.47
124.14 130.17 149.90 144.56 8.22 28.68 129.21
124.45 130.28 147.33 142.60 7.56 24.95 129.00
125.19 131.26 149.72 144.42 8.24 27.01 130.09
124.00 129.89 146.88 142.18 7.56 24.85 128.56
125.33 131.40 149.86 145.30 7.69 27.60 130.33
123.82 129.36 146.67 141.96 7.31 25.00 128.24
125.12 131.19 151.65 146.28 8.35 30.03 130.34
124.28 130.38 150.84 146.28 7.70 30.49 129.60
124.63 130.73 149.16 144.56 7.70 27.41 129.63
123.47 129.61 150.11 145.51 7.71 30.37 128.80
125.05 131.19 150.88 146.25 7.81 29.44 130.28
123.89 130.03 150.49 145.93 7.70 30.44 129.23
124.56 130.70 150.39 145.72 7.80 29.31 129.78
124.94 131.05 150.77 150.67 4.22 32.94 130.62
124.98 131.08 150.88 146.88 7.29 30.04 130.28
124.77 130.87 150.63 145.16 8.41 28.82 129.88
124.84 130.94 150.70 147.02 7.03 30.20 130.17
124.00 130.07 149.76 144.42 8.23 28.63 129.08
124.00 129.58 146.84 142.14 7.34 25.01 128.44
124.70 130.80 149.23 143.86 8.29 26.84 129.59
123.82 129.44 146.67 141.93 7.38 24.92 128.27
125.12 131.23 149.16 144.28 7.93 26.54 130.00
124.24 129.93 147.12 142.35 7.48 24.98 128.72
124.31 130.42 148.91 143.58 8.24 26.90 129.22
124.66 130.21 148.07 142.74 7.84 25.53 129.13
125.05 131.15 149.62 144.25 8.31 26.96 129.95
124.80 130.91 151.51 146.21 8.31 30.26 130.07
124.84 130.94 150.74 146.00 7.85 29.45 130.05
123.75 129.82 150.32 145.72 7.67 30.37 129.05
124.70 130.80 150.56 145.83 7.84 29.36 129.90
124.77 130.87 150.60 146.81 7.11 30.05 130.08
124.84 130.91 149.44 144.91 7.63 27.63 129.85
124.59 130.66 150.95 145.65 8.26 29.70 129.79
124.63 130.73 149.30 144.67 7.73 27.59 129.65
124.42 130.49 150.25 144.74 8.39 28.69 129.50
124.45 130.52 149.05 144.39 7.72 27.45 129.44
123.92 130.00 147.72 143.05 7.67 26.12 128.75
123.64 129.19 146.49 141.75 7.32 24.94 128.06
124.66 130.73 149.16 143.86 8.21 26.86 129.54
124.38 130.07 147.37 142.49 7.57 25.09 128.87
124.45 130.52 148.98 143.65 8.23 26.84 129.33
124.24 129.75 147.09 142.35 7.33 25.07 128.66
124.63 130.63 149.23 143.90 8.19 27.03 129.50
124.66 130.17 147.51 142.74 7.38 25.12 129.08
124.17 130.17 149.93 145.26 7.68 29.21 129.32
123.92 129.93 150.00 145.83 7.30 30.02 129.18
125.19 131.19 150.95 146.32 7.71 29.46 130.36
124.35 130.35 150.21 146.35 7.07 30.03 129.61
125.29 131.33 150.04 145.19 7.88 27.72 130.28
124.14 130.17 150.74 146.14 7.67 30.53 129.43
124.80 130.80 149.51 144.70 7.80 27.62 129.77
124.56 130.59 151.16 146.60 7.67 30.65 129.86
124.63 130.63 151.16 145.72 8.33 29.92 129.80
124.70 130.70 151.27 146.67 7.68 30.63 129.98
124.77 130.80 149.51 144.74 7.80 27.67 129.76
124.24 130.24 150.04 144.56 8.31 28.67 129.29
124.87 130.42 147.79 142.98 7.44 25.22 129.32
124.98 130.98 149.55 144.14 8.26 26.99 129.84
123.75 129.26 146.60 141.86 7.30 24.98 128.15
123.85 129.86 149.55 144.21 8.17 28.54 128.90
124.49 130.07 147.37 142.60 7.42 25.10 128.94
124.56 130.59 150.39 144.91 8.35 28.77 129.63
123.68 129.29 146.60 141.79 7.43 24.95 128.13
125.29 131.37 150.04 145.26 7.85 27.75 130.30
124.45 130.49 151.02 145.44 8.45 29.80 129.63
125.40 131.44 150.18 145.37 7.86 27.83 130.40
124.59 130.59 151.55 145.58 8.74 30.16 129.76
124.35 130.38 150.98 145.40 8.44 29.89 129.53
124.42 130.45 151.09 146.28 7.85 30.54 129.70
124.49 130.52 149.12 144.42 7.72 27.51 129.46
123.64 129.65 150.32 145.65 7.68 30.50 128.92
125.19 131.23 149.76 145.19 7.66 27.65 130.18
124.66 130.66 150.60 145.72 7.88 29.43 129.82
124.70 130.73 149.19 144.77 7.52 27.55 129.69
124.77 130.80 149.41 143.93 8.33 26.98 129.64
124.80 130.84 149.51 144.77 7.77 27.65 129.79
124.28 130.31 148.07 143.51 7.59 26.29 129.11
124.91 130.42 147.79 143.02 7.39 25.22 129.34
124.70 130.70 150.32 145.05 8.17 28.66 129.76
124.14 129.61 147.05 142.25 7.36 25.13 128.54
123.92 129.93 148.53 143.16 8.17 26.87 128.78
124.56 130.03 147.47 142.70 7.35 25.23 128.98
124.66 130.66 149.37 144.67 7.71 27.67 129.64
124.70 130.17 147.62 142.81 7.39 25.23 129.11
124.45 130.45 150.28 145.54 7.76 29.33 129.61
124.24 130.24 150.63 145.19 8.30 29.62 129.39
125.19 131.19 150.00 145.16 7.85 27.84 130.17
124.35 130.35 150.95 146.32 7.69 30.58 129.63
124.42 130.42 148.28 144.35 7.09 26.92 129.34
123.54 129.54 150.21 145.54 7.67 30.48 128.81
125.40 131.44 150.04 145.33 7.78 27.69 130.39
124.59 130.59 151.23 145.51 8.54 29.86 129.75
125.22 131.30 151.09 146.39 7.82 29.53 130.43
125.01 131.05 149.48 144.25 8.15 26.95 129.89
124.77 130.80 150.67 145.93 7.80 29.48 129.95
123.92 129.96 149.76 144.28 8.31 28.64 128.99
123.64 129.29 146.60 141.79 7.45 24.97 128.11
124.63 130.70 149.26 143.82 8.32 26.96 129.52
123.78 129.29 146.77 141.89 7.41 25.10 128.20
124.77 130.80 149.23 144.18 8.00 27.03 129.67
124.49 130.00 147.40 142.63 7.37 25.20 128.92
124.00 130.03 149.72 145.09 7.67 29.13 129.15
124.00 129.58 147.09 142.11 7.56 25.17 128.45
124.10 130.14 150.18 145.19 7.95 29.42 129.27
124.17 130.24 150.25 145.68 7.66 29.73 129.41
124.52 130.59 149.16 143.72 8.31 26.94 129.41
124.31 130.35 150.84 145.33 8.38 29.77 129.49
125.29 131.33 150.81 145.19 8.50 28.33 130.31
124.45 130.49 151.05 145.40 8.50 29.80 129.62
125.40 131.47 150.95 144.70 9.01 27.90 130.35
124.28 130.28 150.95 145.58 8.25 30.11 129.48
125.22 131.26 149.93 145.26 7.74 27.79 130.23
124.38 130.42 150.32 144.74 8.43 28.81 129.46
124.45 130.49 151.02 145.61 8.31 29.94 129.65
124.52 130.56 149.09 143.68 8.26 26.88 129.39
123.92 129.75 146.88 142.03 7.61 24.88 128.46
124.00 130.03 149.79 144.39 8.26 28.65 129.07
124.03 129.72 146.95 142.18 7.47 24.99 128.52
125.05 131.08 149.58 144.21 8.26 26.96 129.92
123.89 129.68 146.81 142.00 7.56 24.87 128.41
124.00 130.03 150.04 145.12 7.89 29.40 129.17
124.91 130.45 147.83 143.05 7.42 25.25 129.36
125.01 131.01 151.58 146.21 8.30 30.11 130.21
124.49 130.49 151.09 146.49 7.67 30.64 129.77
124.52 130.56 150.39 145.72 7.73 29.43 129.71
123.96 130.03 149.79 145.97 7.07 29.87 129.25
124.31 130.38 150.21 145.44 7.82 29.33 129.50
125.01 131.05 151.65 146.67 8.02 30.49 130.28
124.14 130.21 148.77 143.44 8.21 26.94 129.03
124.21 130.31 150.11 146.21 7.17 29.95 129.51
124.24 130.35 150.81 145.40 8.35 29.84 129.46
123.71 129.79 149.51 144.07 8.30 28.54 128.79
125.33 131.44 150.84 144.84 8.84 28.00 130.32
125.40 131.47 149.97 144.56 8.34 27.03 130.29
123.57 129.19 146.49 141.75 7.37 24.98 128.03
125.22 131.30 150.95 145.58 8.33 28.80 130.32
124.31 129.89 147.23 142.46 7.41 25.12 128.76
124.42 130.49 148.91 143.58 8.22 26.78 129.29
123.54 129.12 146.42 141.65 7.37 24.92 127.97
124.24 130.28 150.04 144.56 8.33 28.65 129.31
123.33 128.91 146.25 141.51 7.33 24.96 127.77
124.63 130.70 150.60 145.79 7.87 29.48 129.83
124.73 130.80 151.37 146.74 7.76 30.67 130.05
124.77 130.84 149.44 144.04 8.30 27.06 129.67
124.84 130.91 151.55 146.88 7.79 30.78 130.16
124.00 130.07 149.83 145.19 7.70 29.26 129.18
124.07 130.14 150.63 145.09 8.42 29.72 129.25
125.05 131.12 150.53 145.09 8.37 28.33 130.09
124.21 130.31 150.77 145.79 8.02 30.15 129.48
125.47 131.54 151.44 146.63 7.92 29.66 130.68
124.91 130.98 150.63 145.93 7.80 29.24 130.09
124.70 130.73 150.60 145.86 7.80 29.47 129.88
123.85 129.86 149.58 144.14 8.26 28.51 128.89
123.85 129.36 146.77 142.00 7.34 25.08 128.27
125.19 131.23 151.02 145.54 8.39 28.90 130.27
124.31 129.86 147.19 142.42 7.39 25.09 128.74
124.38 130.42 150.14 144.74 8.29 28.68 129.45
124.45 130.35 147.33 142.56 7.64 24.88 129.02
125.15 131.23 150.91 145.51 8.36 28.81 130.25
124.28 130.21 147.16 142.39 7.65 24.82 128.85
124.38 130.42 148.98 144.32 7.69 27.46 129.35
124.10 129.82 147.02 142.25 7.50 24.98 128.60
123.85 129.89 149.72 145.33 7.48 29.50 129.06
123.96 130.00 150.42 144.95 8.33 29.61 129.13
124.91 130.94 150.53 144.91 8.47 28.41 129.94
124.07 130.10 151.37 145.02 9.04 30.27 129.25
125.05 131.08 150.67 144.32 9.05 27.89 129.98
123.89 129.93 151.16 144.84 9.00 30.21 129.07
125.78 131.82 150.60 145.72 7.94 27.90 130.79
124.63 130.66 151.23 146.74 7.62 30.72 129.94
124.98 131.05 149.72 144.95 7.83 27.69 129.98
124.17 130.17 149.90 144.53 8.22 28.63 129.22
125.12 131.15 151.05 146.25 7.87 29.56 130.30
124.28 130.31 150.11 144.67 8.31 28.74 129.35
123.71 129.22 146.63 141.82 7.36 25.03 128.12
124.38 130.38 150.21 144.74 8.32 28.76 129.44
123.82 129.33 146.70 141.96 7.31 25.05 128.23
125.43 131.44 149.41 144.56 7.85 26.59 130.27
124.52 130.07 147.51 142.67 7.45 25.23 128.97
125.26 131.26 151.05 146.46 7.69 29.55 130.44
124.03 129.58 146.95 142.18 7.37 25.09 128.46
124.42 130.45 149.05 143.61 8.28 26.94 129.29
125.12 131.15 151.65 146.14 8.43 29.95 130.31
125.15 131.19 151.83 146.28 8.47 30.14 130.36
124.03 130.07 150.77 146.07 7.75 30.65 129.33
124.42 130.42 149.05 143.72 8.18 27.04 129.29
125.08 131.08 151.79 147.16 7.73 30.91 130.39
124.52 130.52 149.16 144.46 7.70 27.54 129.48
124.91 130.91 151.48 145.93 8.42 29.95 130.08
125.26 131.26 151.09 146.35 7.80 29.50 130.43
124.73 130.70 149.34 143.90 8.25 27.00 129.58
125.40 131.37 150.11 145.51 7.65 27.93 130.39
124.56 130.52 149.16 143.75 8.21 26.99 129.40
124.24 129.79 147.19 142.39 7.41 25.16 128.68
124.63 130.63 149.34 144.00 8.19 27.19 129.52
123.75 129.33 146.74 141.93 7.41 25.09 128.20
124.77 130.73 150.63 145.23 8.26 28.97 129.83
123.89 129.36 146.84 142.07 7.32 25.16 128.30
124.31 130.28 149.02 144.28 7.69 27.60 129.26
124.03 129.68 146.98 142.18 7.47 25.05 128.51
124.70 130.70 150.53 145.90 7.69 29.46 129.87
123.57 129.54 150.14 144.56 8.35 29.66 128.71
124.21 130.21 150.07 145.44 7.66 29.41 129.37
124.28 130.28 151.02 146.28 7.77 30.70 129.56
125.26 131.26 150.77 144.56 8.93 27.90 130.18
123.82 129.79 149.62 144.84 7.72 29.14 128.94
125.05 131.05 150.98 146.32 7.74 29.67 130.24
124.52 130.52 150.95 145.61 8.23 29.81 129.69
124.56 130.59 151.30 145.79 8.41 30.15 129.77
124.03 130.03 147.79 143.23 7.55 26.21 128.84
124.42 130.45 149.19 144.42 7.78 27.65 129.40
124.17 130.21 150.04 144.60 8.30 28.77 129.25
124.21 129.75 147.16 142.39 7.38 25.17 128.65
124.31 130.31 150.14 144.74 8.26 28.79 129.38
124.00 129.89 146.98 142.21 7.61 24.95 128.57
124.70 130.77 150.56 145.16 8.33 28.88 129.80
123.82 129.36 146.77 142.00 7.36 25.10 128.26
124.52 130.56 150.42 145.76 7.73 29.48 129.71
124.56 130.17 147.55 142.74 7.48 25.22 129.04
124.56 130.17 147.55 142.74 7.48 25.22 129.04
124.10 130.14 150.70 145.16 8.40 29.81 129.28
124.77 130.77 151.37 146.04 8.25 30.14 129.97
123.92 129.96 150.49 144.95 8.39 29.72 129.10
124.63 130.66 149.34 144.00 8.22 27.17 129.53
124.38 130.42 151.76 145.37 9.09 30.42 129.57
125.33 131.40 150.18 144.67 8.42 27.37 130.26
124.52 130.56 151.13 145.54 8.45 29.87 129.70
125.15 131.23 150.00 145.12 7.93 27.81 130.17
124.31 130.35 150.98 146.39 7.68 30.68 129.62
125.29 131.37 150.04 145.33 7.80 27.81 130.31
124.73 130.80 148.67 143.97 7.75 26.46 129.59
123.82 129.65 146.81 142.03 7.55 24.97 128.37
124.24 130.31 150.14 144.67 8.36 28.79 129.34
124.24 130.00 147.23 142.46 7.53 25.09 128.77
124.35 130.42 148.91 143.65 8.17 26.93 129.24
124.07 129.65 147.05 142.28 7.40 25.18 128.53
124.80 130.87 150.67 145.23 8.37 28.88 129.91
123.61 129.22 146.56 141.82 7.37 25.04 128.07
124.63 130.70 150.63 145.79 7.90 29.51 129.83
125.01 131.08 151.51 146.00 8.45 29.84 130.21
124.73 130.80 150.70 145.93 7.85 29.53 129.94
124.21 130.31 150.67 145.23 8.37 29.65 129.41
124.24 130.35 148.98 144.25 7.79 27.54 129.25
124.31 130.42 150.98 146.42 7.71 30.66 129.65
125.26 131.44 149.90 145.33 7.76 27.67 130.32
124.73 130.87 150.91 146.84 7.36 30.34 130.08
124.77 130.91 150.74 145.97 7.90 29.49 130.00
124.24 130.35 150.77 145.26 8.43 29.71 129.45
124.31 130.42 150.32 145.51 7.88 29.44 129.52
125.01 131.12 150.84 145.40 8.40 28.84 130.13
125.36 131.54 150.04 145.40 7.82 27.69 130.42
124.52 130.70 149.09 143.82 8.25 26.89 129.46
123.64 129.22 146.56 141.79 7.37 24.99 128.08
125.22 131.33 149.79 144.49 8.27 27.05 130.14
124.07 129.72 147.02 142.21 7.47 25.05 128.54
124.14 130.28 149.93 144.56 8.32 28.63 129.25
124.17 130.17 147.09 142.32 7.69 24.81 128.78
124.28 130.38 150.14 146.21 7.20 29.89 129.57
124.91 130.45 147.83 143.05 7.42 25.25 129.36
124.07 130.17 149.90 145.37 7.64 29.33 129.28
125.08 131.19 151.55 146.11 8.42 29.84 130.30
124.80 130.91 151.37 146.04 8.33 30.02 130.04
124.59 130.70 151.23 145.61 8.53 29.87 129.80
124.66 130.77 151.09 145.79 8.29 29.80 129.88
124.10 130.21 150.67 145.09 8.47 29.68 129.30
124.77 130.87 151.34 145.93 8.38 29.96 130.00
124.52 130.63 150.53 146.63 7.18 30.18 129.85
124.59 130.66 151.16 145.79 8.32 29.97 129.81
124.03 130.14 148.00 143.26 7.76 26.33 128.89
124.10 130.17 148.81 144.07 7.76 27.49 129.09
124.17 130.24 150.00 144.56 8.33 28.69 129.26
123.89 129.40 146.77 142.00 7.34 25.03 128.30
124.87 130.94 148.74 144.07 7.72 26.41 129.73
124.59 130.45 147.62 142.77 7.68 25.09 129.17
123.78 129.86 147.72 142.91 7.77 26.20 128.61
124.14 129.96 147.12 142.28 7.62 24.97 128.68
124.56 130.63 149.19 144.63 7.65 27.60 129.56
123.64 129.33 146.63 141.82 7.47 25.00 128.13
124.35 130.42 150.32 145.51 7.86 29.42 129.54
124.14 130.17 150.70 145.02 8.51 29.66 129.29
124.49 130.52 149.16 143.86 8.18 27.11 129.39
124.24 130.31 150.84 145.23 8.49 29.76 129.43
125.22 131.30 151.20 146.42 7.88 29.64 130.44
124.70 130.77 150.98 146.39 7.72 30.15 129.97
124.70 130.77 150.98 146.39 7.72 30.15 129.97
124.70 130.77 150.98 146.39 7.72 30.15 129.97
125.15 131.19 149.90 145.16 7.79 27.78 130.15
124.31 130.35 149.44 144.70 7.75 28.20 129.36
125.01 131.05 151.69 146.21 8.40 30.17 130.23
125.05 131.12 151.02 145.44 8.49 28.98 130.15
123.26 128.80 146.18 141.40 7.33 24.95 127.68
125.15 131.23 149.86 144.39 8.38 27.14 130.06
124.00 129.65 146.95 142.14 7.47 25.04 128.47
124.07 130.14 149.90 144.49 8.29 28.70 129.16
124.73 130.59 147.65 142.84 7.65 24.98 129.29
124.80 130.87 150.67 146.74 7.20 30.02 130.09
123.92 129.54 146.88 142.07 7.44 25.05 128.39
125.22 131.23 151.86 146.63 8.20 30.37 130.45
124.70 130.73 151.44 146.74 7.79 30.80 130.01
124.73 130.77 149.44 144.04 8.28 27.14 129.63
124.80 130.84 150.77 146.18 7.69 29.70 130.02
124.87 130.94 150.77 146.21 7.69 29.61 130.09
124.03 130.07 150.63 145.05 8.42 29.77 129.21
124.98 131.05 150.88 146.21 7.78 29.55 130.19
124.17 130.21 150.88 146.39 7.60 30.79 129.49
124.80 130.84 151.37 146.04 8.28 30.07 130.01
124.87 130.91 150.67 145.23 8.34 28.81 129.95
124.94 130.98 150.84 146.21 7.73 29.60 130.14
124.10 130.14 148.60 143.33 8.13 26.80 128.96
123.82 129.47 146.70 141.93 7.43 24.93 128.28
124.56 130.56 150.28 144.91 8.24 28.71 129.62
124.56 130.07 147.47 142.67 7.40 25.18 128.98
124.35 130.35 150.25 144.77 8.32 28.86 129.42
124.38 129.86 147.26 142.49 7.34 25.15 128.79
124.21 130.21 150.07 144.56 8.33 28.75 129.26
123.61 129.12 146.49 141.72 7.32 24.98 128.01
124.63 130.63 150.39 146.53 7.09 29.92 129.88
125.01 131.01 150.53 145.93 7.67 29.07 130.14
124.73 130.73 150.56 146.21 7.47 29.68 129.94
123.89 129.89 150.53 145.86 7.69 30.50 129.16
124.24 130.28 150.14 145.37 7.80 29.34 129.41
124.91 130.91 150.95 146.32 7.70 29.83 130.11
124.35 130.35 150.60 145.47 8.06 29.66 129.52
125.01 131.05 151.51 147.02 7.64 30.65 130.32
124.45 130.52 149.05 144.42 7.69 27.47 129.44
124.52 130.56 151.05 145.54 8.40 29.82 129.70
124.59 130.63 150.49 145.72 7.82 29.42 129.77
124.38 130.42 148.91 143.65 8.14 26.90 129.26
124.38 129.96 147.30 142.53 7.41 25.13 128.84
124.49 130.56 149.02 143.68 8.23 26.85 129.37
124.21 129.82 147.09 142.35 7.40 25.05 128.67
124.31 130.35 148.67 143.47 8.08 26.68 129.16
124.35 130.07 147.19 142.46 7.48 24.95 128.84
124.42 130.45 148.28 143.61 7.67 26.34 129.25
124.45 130.00 147.30 142.60 7.34 25.11 128.89
125.47 131.54 150.14 145.47 7.78 27.76 130.49
124.28 129.89 147.12 142.42 7.38 25.03 128.74
125.29 131.33 151.16 146.63 7.67 29.70 130.51
124.73 130.77 150.35 145.83 7.63 29.20 129.90
124.80 130.87 150.56 146.14 7.58 29.49 130.02
123.68 129.72 149.55 146.11 6.74 30.18 129.00
125.54 131.61 150.14 145.51 7.75 27.69 130.55
123.82 129.89 149.34 144.81 7.60 28.82 128.97
124.77 130.84 149.34 144.74 7.68 27.51 129.76
124.52 130.59 151.02 145.47 8.45 29.71 129.71
125.47 131.61 150.21 145.47 7.88 27.77 130.52
124.03 130.10 149.76 144.39 8.26 28.55 129.11
124.38 130.49 149.02 144.46 7.66 27.54 129.40
124.45 130.56 148.35 143.68 7.73 26.35 129.32
124.17 129.79 147.02 142.32 7.37 25.01 128.63
124.87 131.01 149.48 144.04 8.38 26.90 129.79
124.59 130.56 147.55 142.74 7.72 24.93 129.20
123.78 129.86 149.51 144.14 8.25 28.50 128.86
124.45 130.00 147.40 142.56 7.45 25.17 128.89
124.56 130.66 149.12 144.49 7.72 27.42 129.56
123.64 129.36 146.56 141.79 7.47 24.90 128.14
124.63 130.77 148.53 143.93 7.71 26.42 129.52
124.42 130.52 150.84 145.37 8.41 29.61 129.61
124.17 130.24 150.74 145.30 8.35 29.82 129.37
124.24 130.31 150.70 145.23 8.38 29.65 129.42
125.19 131.30 149.02 145.12 7.18 26.97 130.16
124.98 131.05 151.62 147.02 7.74 30.75 130.30
124.70 130.77 150.63 145.83 7.87 29.44 129.89
123.85 129.89 149.93 145.90 7.21 30.09 129.14
124.84 130.87 149.55 144.77 7.80 27.63 129.82
124.87 130.98 148.70 144.11 7.70 26.38 129.75
125.26 131.37 152.00 146.46 8.52 30.23 130.50
123.82 129.93 148.39 143.05 8.21 26.75 128.71
123.85 129.47 146.70 142.00 7.36 24.96 128.31
124.56 130.63 150.49 144.91 8.46 28.83 129.65
124.31 129.89 147.23 142.42 7.44 25.09 128.76
124.38 130.49 148.91 143.54 8.27 26.78 129.27
124.42 130.10 147.26 142.53 7.46 24.99 128.90
125.12 131.19 149.76 145.02 7.81 27.58 130.11
124.24 129.82 147.12 142.35 7.41 25.05 128.69
124.31 130.45 148.95 144.28 7.76 27.43 129.33
124.10 130.17 150.70 146.11 7.69 30.50 129.41
124.14 130.21 150.04 145.23 7.84 29.27 129.32
124.21 130.31 150.74 145.19 8.45 29.67 129.41
124.87 131.01 150.77 146.00 7.91 29.40 130.10
124.94 131.08 151.41 146.00 8.41 29.81 130.17
125.01 131.12 150.84 146.14 7.83 29.40 130.22
124.45 130.56 150.53 146.49 7.29 30.17 129.77
124.21 130.35 150.21 145.33 7.95 29.34 129.42
124.87 131.01 149.51 144.04 8.41 26.93 129.79
124.94 131.05 149.69 144.25 8.37 27.16 129.87
124.10 130.21 148.04 143.23 7.81 26.24 128.95
124.42 130.42 147.37 142.53 7.76 24.85 129.03
124.49 130.63 150.35 144.88 8.42 28.74 129.61
123.92 129.58 146.91 142.07 7.49 25.05 128.40
124.63 130.73 149.19 143.79 8.31 26.85 129.52
124.66 130.21 147.55 142.77 7.40 25.15 129.10
124.77 130.87 149.37 144.28 8.08 27.17 129.71
123.89 129.54 146.84 142.03 7.46 25.02 128.36
124.00 130.10 149.90 145.90 7.24 29.83 129.28
124.70 130.80 151.37 146.60 7.89 30.59 130.02
124.42 130.52 148.46 143.65 7.83 26.46 129.29
124.21 130.28 150.74 145.12 8.48 29.65 129.38
124.87 130.98 149.55 144.84 7.80 27.59 129.89
124.63 130.73 151.23 146.60 7.78 30.57 129.95
124.66 130.77 150.63 145.76 7.95 29.41 129.87
124.42 130.52 150.95 145.44 8.44 29.75 129.62
125.08 131.19 151.69 146.25 8.43 30.05 130.32
124.52 130.66 151.05 146.60 7.66 30.55 129.87
124.87 131.01 149.58 144.98 7.74 27.70 129.92
124.70 130.80 149.30 143.90 8.32 26.92 129.60
123.50 129.12 147.05 141.65 7.88 25.43 127.99
125.40 131.51 150.04 144.60 8.39 27.09 130.31
124.52 130.14 147.47 142.70 7.45 25.19 129.00
125.22 131.37 149.86 144.42 8.40 27.03 130.15
124.31 129.93 147.26 142.49 7.44 25.15 128.78
124.42 130.56 149.02 143.65 8.30 26.87 129.33
124.42 130.56 149.02 143.65 8.30 26.87 129.33
124.52 130.63 150.70 145.68 8.06 29.60 129.74
124.31 130.42 150.88 145.26 8.51 29.70 129.51
125.26 131.40 149.23 145.23 7.29 27.10 130.26
124.42 130.52 150.18 145.40 7.85 29.11 129.60
124.77 130.87 149.44 144.74 7.79 27.57 129.78
124.28 130.35 151.02 145.30 8.57 29.91 129.47
125.22 131.33 149.86 144.56 8.27 27.16 130.16
124.38 130.49 150.35 145.68 7.77 29.51 129.61
124.42 130.52 151.05 145.65 8.36 29.99 129.65
124.80 130.91 151.48 146.81 7.81 30.69 130.14
124.87 130.98 149.62 144.98 7.74 27.75 129.91
124.94 131.01 150.35 145.37 8.01 28.55 130.03
124.98 131.05 151.62 146.25 8.34 30.16 130.21
124.14 130.21 148.84 143.47 8.24 27.02 129.04
123.54 129.15 146.56 141.72 7.45 25.06 128.00
124.56 130.63 148.46 143.79 7.71 26.40 129.41
124.28 129.86 147.26 142.46 7.44 25.19 128.74
124.98 131.05 150.91 145.40 8.43 28.97 130.09
124.14 129.72 147.09 142.28 7.43 25.11 128.59
124.21 130.24 148.84 144.18 7.68 27.48 129.18
123.96 129.51 146.95 142.07 7.45 25.10 128.39
124.03 130.07 149.97 145.23 7.76 29.38 129.21
124.42 130.45 151.05 146.42 7.72 30.62 129.72
124.49 130.49 150.39 145.68 7.73 29.47 129.66
123.61 129.65 150.21 145.65 7.62 30.44 128.90
125.47 131.54 150.18 145.47 7.81 27.79 130.49
124.66 130.70 151.23 145.61 8.49 29.82 129.84
124.07 130.14 150.04 145.23 7.84 29.36 129.25
124.45 130.49 151.02 145.40 8.48 29.78 129.62
125.12 131.19 149.79 145.12 7.76 27.69 130.13
124.28 130.31 148.25 143.47 7.75 26.40 129.11
125.57 131.65 150.21 145.61 7.73 27.78 130.60
124.42 130.49 150.28 144.84 8.34 28.80 129.51
123.82 129.40 146.81 141.96 7.44 25.08 128.27
125.43 131.51 151.30 145.83 8.43 28.98 130.54
124.28 129.82 147.23 142.42 7.41 25.16 128.72
124.35 130.42 148.95 143.51 8.30 26.85 129.22
124.98 130.56 148.67 143.12 8.05 25.84 129.49
124.45 130.52 149.16 144.39 7.80 27.53 129.44
124.21 129.79 147.16 142.32 7.46 25.10 128.65
124.28 130.35 148.98 144.18 7.82 27.47 129.26
124.94 131.01 151.55 145.90 8.56 29.89 130.14
125.29 131.37 149.93 144.53 8.33 27.11 130.20
124.45 130.49 151.13 146.35 7.83 30.58 129.74
125.15 131.19 151.69 146.28 8.35 30.03 130.36
124.31 130.35 150.95 146.39 7.66 30.65 129.62
124.35 130.42 150.21 145.54 7.74 29.37 129.54
123.82 129.86 150.25 144.81 8.30 29.56 128.98
124.49 130.52 150.04 144.56 8.34 28.32 129.52
124.24 130.28 150.18 144.67 8.36 28.84 129.32
124.28 130.35 148.98 144.35 7.69 27.60 129.28
124.38 130.42 148.95 143.65 8.17 26.93 129.26
124.10 129.75 147.05 142.28 7.45 25.08 128.58
124.77 130.84 149.37 144.70 7.74 27.51 129.76
124.52 130.03 147.58 142.67 7.48 25.31 128.96
124.63 130.66 150.46 144.98 8.36 28.78 129.70
123.71 129.29 146.67 141.86 7.41 25.03 128.16
124.14 130.21 150.00 145.30 7.76 29.29 129.32
124.49 130.17 147.44 142.63 7.52 25.11 128.99
124.56 130.63 149.34 144.00 8.24 27.24 129.48
124.35 130.38 150.77 145.37 8.30 29.70 129.52
124.66 130.73 149.30 144.70 7.68 27.60 129.67
124.77 130.80 151.16 145.72 8.35 29.71 129.94
125.40 131.47 151.16 146.56 7.75 29.48 130.60
124.59 130.66 151.09 145.54 8.45 29.73 129.78
124.63 130.70 150.46 145.79 7.76 29.37 129.82
124.38 130.45 151.02 146.49 7.66 30.67 129.71
124.73 130.80 151.37 145.93 8.38 30.05 129.95
124.49 130.56 150.39 144.98 8.32 28.89 129.60
124.84 130.94 150.35 145.16 8.19 28.51 129.93
124.66 130.73 149.23 143.90 8.24 26.94 129.55
124.66 130.31 147.62 142.81 7.51 25.16 129.15
124.73 130.84 148.95 143.93 8.02 26.63 129.62
124.80 130.35 147.72 142.95 7.41 25.23 129.25
124.56 130.63 150.28 144.95 8.27 28.69 129.65
124.59 130.14 147.55 142.77 7.40 25.25 129.05
124.70 130.77 149.30 143.93 8.27 26.97 129.59
124.42 129.96 147.37 142.60 7.39 25.21 128.87
124.49 130.56 148.49 144.49 7.20 27.05 129.45
123.96 130.03 150.11 161.76 -5.52 42.77 129.83
124.00 130.07 150.60 156.35 -0.58 38.63 129.98
124.07 130.14 150.70 161.16 -4.54 42.60 129.98
125.05 131.08 151.09 146.28 7.87 29.70 130.25
123.92 129.96 150.42 145.30 8.06 29.93 129.14
125.19 131.19 149.02 144.46 7.61 26.54 130.03
124.35 130.35 149.19 145.33 7.05 28.46 129.45
124.98 131.05 149.86 145.09 7.84 27.91 130.01
124.73 130.77 150.74 146.84 7.15 30.28 130.03
124.17 130.21 148.91 144.25 7.68 27.63 129.16
123.96 130.00 149.93 144.42 8.35 28.83 129.04
123.96 129.79 146.95 142.18 7.56 24.99 128.51
124.98 131.01 149.65 144.25 8.29 27.13 129.87
123.78 129.36 146.70 141.93 7.38 25.02 128.23
124.17 130.21 148.18 143.44 7.72 26.46 129.02
123.89 129.44 146.95 142.07 7.45 25.20 128.33
124.31 130.35 148.91 143.75 8.06 27.08 129.21
124.03 129.58 146.98 142.21 7.37 25.14 128.47
124.14 130.14 150.00 145.47 7.58 29.47 129.32
124.17 129.72 147.12 142.32 7.41 25.14 128.61
124.24 130.28 150.32 145.51 7.83 29.58 129.44
124.00 130.07 150.63 144.95 8.53 29.71 129.18
124.07 130.10 149.97 145.26 7.73 29.36 129.24
124.14 130.17 150.11 146.14 7.17 30.04 129.41
125.12 131.12 151.16 147.05 7.31 30.28 130.39
124.28 130.31 150.25 153.02 1.84 35.32 130.12
124.31 130.35 149.05 145.09 7.15 28.19 129.40
124.98 131.01 151.79 147.23 7.70 31.08 130.32
124.14 130.17 150.70 145.51 8.13 30.03 129.35
124.52 130.56 148.39 143.72 7.68 26.36 129.36
125.47 131.58 151.30 146.74 7.75 29.61 130.70
124.94 130.98 150.74 145.33 8.32 28.85 130.03
124.07 129.65 147.02 142.25 7.40 25.13 128.52
123.85 129.93 149.65 144.28 8.25 28.62 128.94
124.49 130.03 147.40 142.63 7.40 25.17 128.93
125.50 131.54 150.04 144.74 8.24 27.10 130.40
123.68 129.29 146.60 141.82 7.40 24.98 128.13
124.07 130.14 148.04 143.33 7.71 26.38 128.92
124.14 129.72 147.02 142.28 7.37 25.06 128.58
124.80 130.87 149.51 144.11 8.31 27.13 129.71
123.96 130.00 150.67 145.23 8.31 30.02 129.17
124.03 130.07 149.93 145.16 7.78 29.30 129.20
123.78 129.86 149.86 145.83 7.23 30.05 129.08
124.77 130.80 148.70 144.84 7.08 27.12 129.73
124.56 130.59 151.23 145.72 8.40 30.04 129.76
124.31 130.31 150.28 145.47 7.80 29.46 129.48
124.35 130.38 150.95 146.07 7.90 30.37 129.61
124.73 130.73 150.67 146.07 7.67 29.66 129.92
124.17 130.17 147.97 143.40 7.56 26.29 128.99
123.92 129.89 149.79 145.09 7.68 29.32 129.07
123.68 129.68 149.44 144.04 8.22 28.55 128.73
123.71 129.29 146.67 141.82 7.43 25.01 128.15
123.78 129.79 147.72 143.02 7.64 26.32 128.60
124.42 130.00 147.40 142.56 7.47 25.19 128.88
124.52 130.52 150.35 144.98 8.24 28.87 129.60
124.56 130.07 147.47 142.70 7.38 25.21 128.99
124.56 130.07 147.47 142.70 7.38 25.21 128.99
124.10 129.93 147.02 142.21 7.59 24.89 128.64
123.89 129.89 149.76 145.02 7.72 29.26 129.04
124.56 130.56 151.16 146.56 7.67 30.65 129.84
125.22 131.19 151.13 146.49 7.69 29.71 130.40
124.38 130.31 150.98 146.39 7.61 30.66 129.64
124.42 130.38 150.25 145.58 7.67 29.40 129.56
123.89 129.86 150.39 144.88 8.31 29.67 129.03
124.87 130.84 149.51 144.77 7.72 27.61 129.82
124.31 130.28 150.84 145.26 8.39 29.77 129.45
124.98 130.98 150.84 147.09 7.02 30.25 130.26
124.14 130.14 149.86 144.53 8.19 28.65 129.19
124.49 130.49 150.88 146.53 7.47 30.50 129.77
124.87 130.87 150.70 145.30 8.29 28.91 129.95
124.31 129.79 147.19 142.46 7.31 25.16 128.72
124.38 130.38 150.11 144.74 8.23 28.67 129.44
123.50 129.01 146.39 141.65 7.29 24.99 127.91
125.12 131.12 149.09 144.49 7.64 26.71 129.98
124.24 129.75 147.12 142.35 7.36 25.10 128.66
124.31 130.31 150.21 145.47 7.75 29.41 129.47
123.75 129.51 146.70 141.86 7.55 24.90 128.25
124.73 130.77 150.60 145.93 7.74 29.47 129.92
123.89 129.89 150.35 144.84 8.33 29.60 129.04
123.96 129.96 148.60 143.23 8.18 26.93 128.82
123.71 129.72 149.76 145.68 7.21 30.00 128.97
124.70 130.70 149.19 144.60 7.63 27.44 129.65
124.49 130.49 150.95 145.44 8.37 29.72 129.64
124.24 130.24 149.97 145.83 7.28 29.57 129.45
124.91 130.91 150.84 146.91 7.16 30.20 130.18
125.26 131.30 149.83 145.19 7.71 27.61 130.24
124.73 130.73 151.20 145.61 8.44 29.72 129.88
124.77 130.80 149.37 144.74 7.69 27.56 129.75
124.84 130.87 149.37 144.00 8.25 26.91 129.71
123.64 129.22 146.56 141.72 7.43 24.94 128.07
124.66 130.70 149.16 143.75 8.27 26.80 129.52
124.38 130.24 147.30 142.49 7.63 24.91 128.94
124.77 130.77 150.60 145.12 8.34 28.84 129.83
124.49 130.07 147.37 142.56 7.45 25.07 128.93
124.59 130.63 150.35 144.95 8.30 28.72 129.67
124.35 130.10 147.23 142.46 7.53 24.95 128.86
124.42 130.45 150.25 145.58 7.72 29.35 129.59
124.49 130.52 151.13 146.42 7.77 30.59 129.78
124.84 130.91 149.48 144.67 7.85 27.47 129.82
124.31 130.35 150.60 146.28 7.46 30.30 129.60
124.35 130.38 150.18 145.44 7.77 29.28 129.51
125.36 131.40 151.72 146.25 8.42 29.75 130.53
125.40 131.47 150.00 145.26 7.83 27.59 130.39
124.56 130.59 151.09 146.53 7.67 30.55 129.85
124.59 130.66 149.23 144.56 7.73 27.53 129.59
123.75 129.79 150.25 144.70 8.38 29.57 128.91
124.70 130.77 150.56 145.83 7.82 29.39 129.89
124.80 130.84 150.60 145.12 8.37 28.77 129.88
124.56 130.63 151.09 145.65 8.37 29.85 129.76
124.63 130.66 148.46 143.68 7.77 26.25 129.44
123.75 129.58 146.67 141.86 7.57 24.82 128.28
124.45 130.49 150.28 144.77 8.37 28.72 129.52
123.26 128.80 146.18 141.19 7.49 24.79 127.64
124.87 130.91 150.74 145.19 8.43 28.84 129.95
124.00 129.54 146.91 142.07 7.42 25.03 128.42
124.70 130.70 150.56 145.76 7.82 29.38 129.85
124.10 129.93 147.02 142.21 7.59 24.89 128.64
124.49 130.56 150.39 145.61 7.83 29.37 129.68
123.96 130.00 149.58 144.91 7.69 28.93 129.10
124.63 130.66 149.30 143.93 8.24 27.09 129.52
124.70 130.73 151.13 145.61 8.40 29.69 129.86
125.36 131.44 149.93 145.26 7.77 27.58 130.36
124.52 130.56 150.95 145.54 8.31 29.73 129.70
124.91 130.94 149.51 144.07 8.31 26.98 129.78
125.57 131.61 152.00 146.53 8.43 29.91 130.76
125.29 131.33 151.23 146.60 7.75 29.73 130.50
124.45 130.49 150.18 144.84 8.24 28.69 129.53
124.52 130.52 150.46 147.47 6.40 30.85 129.90
124.59 130.59 149.23 143.79 8.27 27.00 129.45
124.63 130.14 147.51 142.74 7.38 25.17 129.05
124.38 130.42 148.81 143.58 8.11 26.77 129.24
123.50 129.01 146.42 141.58 7.37 24.96 127.90
124.52 130.52 150.35 144.84 8.35 28.76 129.58
123.92 129.47 146.84 142.07 7.37 25.07 128.36
124.66 130.66 149.23 144.67 7.60 27.56 129.63
124.38 130.00 147.26 142.49 7.44 25.05 128.84
124.49 130.49 150.39 146.25 7.30 29.90 129.72
123.64 129.65 150.21 144.98 8.11 29.92 128.84
125.19 131.23 149.83 144.39 8.33 27.09 130.07
124.03 130.07 150.67 145.97 7.75 30.48 129.32
124.38 130.42 149.05 144.46 7.64 27.62 129.37
124.49 130.49 150.98 146.21 7.80 30.34 129.74
124.52 130.56 150.46 147.79 6.18 31.06 129.94
124.28 130.28 150.67 145.65 7.98 29.94 129.48
124.94 130.94 150.84 146.11 7.78 29.54 130.12
124.10 130.10 149.90 144.49 8.25 28.70 129.16
124.17 130.14 150.04 145.37 7.66 29.40 129.32
124.56 130.52 150.35 144.95 8.25 28.82 129.61
124.59 130.14 147.47 142.74 7.37 25.17 129.04
124.38 130.35 150.14 144.81 8.18 28.78 129.43
123.47 128.98 146.39 141.65 7.29 25.04 127.88
124.17 130.17 148.81 144.14 7.66 27.49 129.13
125.12 130.73 148.07 143.26 7.51 25.27 129.60
125.22 131.23 149.83 145.16 7.71 27.65 130.20
124.35 130.10 147.23 142.46 7.53 24.95 128.86
125.05 131.01 150.95 146.21 7.77 29.59 130.21
124.80 130.77 151.34 145.76 8.42 29.87 129.95
124.84 130.84 149.51 144.81 7.72 27.65 129.81
124.00 130.00 150.56 146.04 7.59 30.53 129.28
124.38 130.35 150.21 145.54 7.67 29.39 129.53
123.57 129.54 149.58 145.61 7.09 30.02 128.82
124.52 130.49 150.46 145.65 7.79 29.48 129.67
124.59 130.56 151.09 145.51 8.41 29.77 129.73
124.66 130.63 151.23 145.79 8.30 30.00 129.83
124.42 130.38 148.95 143.51 8.23 26.83 129.24
125.05 131.05 151.62 146.18 8.35 30.06 130.24
124.52 130.52 149.05 143.72 8.18 26.90 129.38
123.64 129.22 146.56 141.75 7.40 24.97 128.08
124.94 130.94 150.67 145.30 8.27 28.79 130.01
123.75 129.47 146.63 141.82 7.50 24.84 128.23
124.45 130.45 150.25 144.81 8.29 28.74 129.51
124.77 130.56 147.65 142.91 7.55 25.03 129.31
124.87 130.87 148.98 144.00 7.92 26.59 129.70
124.31 129.96 147.30 142.42 7.54 25.10 128.79
124.42 130.42 149.09 143.72 8.21 27.07 129.29
123.57 129.54 149.48 145.47 7.12 29.83 128.80
124.52 130.52 150.00 144.49 8.34 28.22 129.52
124.28 130.28 150.70 145.33 8.25 29.73 129.44
124.94 130.94 150.53 144.95 8.42 28.42 129.96
124.10 130.14 150.67 146.18 7.59 30.55 129.40
125.08 131.08 151.58 146.25 8.27 30.04 130.27
124.52 130.52 150.39 146.60 7.03 30.12 129.80
124.28 130.28 150.81 145.51 8.20 29.95 129.46
124.94 130.98 150.63 146.00 7.72 29.27 130.11
125.29 131.33 149.97 145.33 7.72 27.78 130.30
125.08 131.08 149.69 144.32 8.24 27.09 129.96
123.61 129.08 146.60 141.75 7.35 25.11 128.01
124.59 130.63 148.42 143.79 7.66 26.35 129.43
123.71 129.26 146.56 141.86 7.30 24.98 128.14
124.73 130.80 149.30 143.93 8.27 26.92 129.62
124.45 130.17 147.30 142.60 7.46 24.99 128.96
124.21 130.24 150.04 144.60 8.30 28.72 129.28
123.36 128.94 146.28 141.47 7.39 24.92 127.79
125.26 131.30 151.09 146.39 7.80 29.50 130.44
123.78 129.29 146.70 141.89 7.36 25.04 128.20
124.17 130.21 150.67 145.33 8.24 29.82 129.36
124.24 130.28 150.14 146.28 7.09 30.03 129.52
125.19 131.23 149.79 145.16 7.71 27.65 130.18
124.35 130.38 150.11 145.40 7.74 29.20 129.51
125.01 131.08 148.84 145.09 7.03 27.07 129.99
124.17 130.21 150.60 145.37 8.16 29.79 129.36
125.78 131.79 151.27 145.76 8.42 28.48 130.80
124.63 130.63 151.34 149.48 5.53 32.94 130.21
124.35 130.38 151.05 147.33 7.00 31.42 129.76
124.42 130.45 150.25 144.88 8.26 28.82 129.50
125.08 131.12 151.65 148.07 6.93 31.47 130.50
124.24 130.24 148.84 143.65 8.06 27.06 129.12
123.96 129.47 147.58 142.14 7.86 25.66 128.43
124.66 130.66 150.60 145.09 8.36 28.95 129.74
124.98 130.59 147.90 143.16 7.45 25.24 129.46
125.08 131.08 149.62 144.35 8.16 27.07 129.96
124.52 130.03 147.44 142.63 7.40 25.18 128.95
125.22 131.23 151.13 146.35 7.83 29.57 130.40
124.35 129.82 147.30 142.49 7.37 25.22 128.76
124.45 130.45 148.88 144.42 7.51 27.39 129.41
124.24 130.21 150.84 145.58 8.14 30.10 129.43
125.47 131.47 151.34 146.60 7.81 29.60 130.64
124.66 130.66 151.05 145.65 8.30 29.73 129.82
125.01 130.98 149.62 144.98 7.65 27.66 129.97
124.17 130.14 149.79 145.19 7.60 29.07 129.29
125.12 131.15 149.76 145.23 7.63 27.77 130.13
124.87 130.87 151.27 145.86 8.31 29.78 130.04
124.94 130.94 150.81 146.04 7.81 29.46 130.11
124.42 130.42 148.95 143.58 8.20 26.86 129.26
125.36 131.37 150.07 144.84 8.16 27.42 130.28
124.24 130.24 148.81 143.37 8.25 26.82 129.08
124.59 130.07 147.51 142.70 7.38 25.21 129.01
124.70 130.66 149.16 143.82 8.17 26.85 129.53
123.78 129.47 146.70 141.93 7.45 24.95 128.27
125.40 131.40 149.41 144.60 7.82 26.66 130.25
124.52 130.00 147.40 142.67 7.32 25.20 128.94
124.59 130.56 150.42 145.76 7.68 29.44 129.74
124.31 129.75 147.23 142.46 7.31 25.21 128.71
125.33 131.30 149.93 145.37 7.62 27.78 130.30
124.21 130.14 150.70 146.18 7.55 30.51 129.45
124.52 130.52 148.74 144.42 7.40 27.18 129.46
123.71 129.68 150.35 145.68 7.66 30.49 128.97
124.66 130.63 151.27 145.79 8.33 30.03 129.83
124.45 130.42 151.13 146.56 7.62 30.79 129.74
124.84 130.80 149.44 144.77 7.67 27.60 129.79
124.28 130.24 150.77 145.23 8.36 29.73 129.42
124.03 130.00 150.60 145.26 8.19 29.95 129.20
124.70 130.66 150.60 145.09 8.34 28.93 129.75
124.77 130.70 151.34 146.00 8.20 30.13 129.94
123.92 129.89 148.49 143.16 8.12 26.86 128.76
123.64 129.15 146.60 141.75 7.38 25.04 128.05
124.98 130.91 150.67 145.26 8.25 28.77 130.01
124.38 129.89 147.26 142.42 7.42 25.07 128.79
124.49 130.42 150.35 144.81 8.33 28.83 129.52
123.57 129.12 146.46 141.65 7.37 24.93 127.99
124.59 130.52 150.53 145.72 7.77 29.52 129.73
124.35 129.82 147.30 142.42 7.42 25.17 128.75
124.14 130.07 150.14 145.58 7.56 29.71 129.31
124.21 130.14 150.67 145.09 8.36 29.66 129.32
124.84 130.80 150.67 145.97 7.73 29.46 129.99
124.63 130.59 151.09 146.21 7.87 30.26 129.85
124.66 130.66 149.19 144.56 7.65 27.46 129.62
123.50 129.47 150.07 145.40 7.64 30.33 128.75
125.40 131.37 151.27 146.56 7.76 29.64 130.56
124.56 130.52 150.91 145.47 8.29 29.65 129.69
125.19 131.19 149.76 145.09 7.71 27.59 130.15
124.66 130.63 151.16 145.51 8.46 29.73 129.79
125.33 131.30 151.16 146.74 7.54 29.78 130.52
124.49 130.45 148.98 143.58 8.21 26.81 129.31
124.87 130.52 147.69 142.88 7.51 24.99 129.34
124.35 130.31 150.07 144.70 8.21 28.69 129.39
123.43 129.22 146.35 141.47 7.59 24.74 127.93
124.45 130.45 150.25 144.95 8.19 28.85 129.53
124.17 129.65 147.05 142.25 7.36 25.08 128.57
124.24 130.24 148.67 143.44 8.08 26.77 129.09
124.91 130.56 147.76 142.95 7.52 25.05 129.38
124.98 131.01 150.84 146.88 7.21 30.06 130.25
124.45 130.45 150.42 146.53 7.11 30.19 129.73
124.17 130.21 150.04 146.14 7.11 29.94 129.44
124.24 130.28 150.84 145.54 8.22 30.02 129.45
125.19 131.26 151.05 146.32 7.85 29.49 130.39
124.70 130.73 151.23 145.61 8.49 29.78 129.87
125.36 131.40 151.27 146.49 7.86 29.58 130.55
124.52 130.59 151.13 145.44 8.56 29.77 129.70
124.87 130.98 149.41 144.84 7.69 27.48 129.88
123.75 129.79 150.32 145.72 7.65 30.39 129.03
124.98 131.05 150.84 146.14 7.81 29.47 130.18
124.14 130.21 149.97 144.49 8.35 28.66 129.22
124.21 130.31 150.74 146.04 7.80 30.31 129.51
125.19 131.30 150.98 145.51 8.44 28.80 130.30
124.31 129.86 147.16 142.42 7.36 25.06 128.74
125.01 131.08 150.77 146.00 7.86 29.26 130.19
124.42 129.96 147.26 142.53 7.36 25.08 128.85
124.21 130.28 149.93 144.53 8.30 28.56 129.28
124.24 129.86 147.12 142.32 7.46 25.00 128.69
124.03 130.10 149.86 145.16 7.75 29.22 129.21
124.07 129.65 146.91 142.18 7.37 24.99 128.50
125.08 131.15 149.65 144.98 7.75 27.52 130.07
124.24 130.28 150.67 145.16 8.38 29.59 129.40
124.59 130.63 150.39 145.72 7.73 29.33 129.77
124.98 131.01 151.48 145.90 8.48 29.81 130.15
125.01 131.05 151.62 146.11 8.43 30.03 130.21
124.17 130.21 150.81 146.18 7.70 30.57 129.47
124.52 130.56 150.04 145.16 7.88 28.73 129.62
124.28 130.31 150.84 146.35 7.60 30.59 129.58
124.35 130.35 150.14 145.44 7.72 29.28 129.50
123.47 129.54 149.23 143.82 8.25 28.46 128.54
124.77 130.84 151.37 145.90 8.41 29.98 129.98
125.43 131.51 151.23 145.90 8.32 28.98 130.55
124.56 130.17 147.47 142.70 7.45 25.14 129.03
124.66 130.70 148.84 143.97 7.86 26.71 129.53
124.38 130.03 147.33 142.49 7.52 25.08 128.86
125.08 131.12 150.88 145.47 8.33 28.88 130.17
124.21 129.79 147.12 142.32 7.43 25.07 128.65
124.28 130.31 150.18 145.47 7.74 29.40 129.46
124.59 130.17 147.62 142.74 7.51 25.25 129.06
124.73 130.77 149.48 144.67 7.82 27.64 129.72
124.49 130.52 151.05 145.47 8.45 29.81 129.66
124.52 130.56 151.13 145.65 8.37 29.95 129.72
124.59 130.66 151.30 146.60 7.81 30.69 129.91
124.94 131.01 149.65 144.91 7.80 27.66 129.95
123.82 129.86 150.46 144.84 8.44 29.75 128.99
125.40 131.44 151.41 146.70 7.81 29.81 130.61
124.56 130.63 151.16 146.32 7.91 30.42 129.84
124.63 130.70 149.37 144.74 7.71 27.73 129.65
124.38 130.45 148.77 143.61 8.08 26.74 129.26
125.05 131.08 150.91 147.02 7.16 30.13 130.33
124.49 130.52 150.46 144.88 8.43 28.89 129.57
123.61 129.15 146.70 141.75 7.48 25.15 128.04
124.63 130.66 149.41 143.82 8.41 27.09 129.51
124.35 130.00 147.51 142.49 7.65 25.27 128.84
124.42 130.45 150.35 144.81 8.40 28.85 129.50
124.17 129.68 147.09 142.32 7.35 25.14 128.59
124.56 130.56 150.35 145.83 7.60 29.46 129.73
124.31 129.86 147.23 142.42 7.41 25.12 128.75
124.42 130.45 150.28 145.54 7.78 29.35 129.59
124.49 130.49 151.20 146.49 7.75 30.72 129.77
124.52 130.52 150.53 145.65 7.87 29.51 129.69
124.59 130.63 151.16 145.54 8.48 29.81 129.77
124.63 130.66 151.37 145.72 8.52 30.06 129.82
125.01 131.05 151.51 145.97 8.45 29.84 130.19
124.17 130.21 150.60 145.30 8.21 29.74 129.36
123.61 129.61 150.04 144.60 8.26 29.53 128.75
124.87 130.87 150.81 146.14 7.73 29.63 130.06
124.35 130.35 148.39 143.58 7.76 26.51 129.18
125.29 131.37 150.88 146.11 7.87 29.05 130.45
124.77 130.80 148.63 143.97 7.69 26.41 129.61
124.21 129.79 147.16 142.35 7.43 25.13 128.66
125.22 131.23 149.79 144.39 8.28 27.04 130.09
124.31 129.93 147.26 142.46 7.46 25.12 128.78
124.38 130.42 150.18 144.77 8.29 28.73 129.46
123.22 128.80 146.14 141.37 7.35 24.92 127.65
125.12 131.15 150.95 145.54 8.33 28.94 130.21
124.24 129.79 147.19 142.35 7.44 25.13 128.68
124.35 130.38 148.98 143.54 8.28 26.93 129.22
124.42 130.49 151.20 145.72 8.40 30.18 129.65
125.05 131.08 149.76 144.98 7.81 27.67 130.04
123.92 129.93 150.46 145.93 7.58 30.46 129.20
124.87 130.91 149.48 144.95 7.61 27.66 129.87
124.63 130.66 151.23 146.91 7.48 30.86 129.96
125.64 131.68 150.42 146.46 7.22 28.52 130.76
124.77 130.84 152.11 146.53 8.51 31.05 130.07
124.80 130.87 151.51 146.00 8.44 30.13 130.03
124.59 130.66 151.30 146.74 7.70 30.80 129.93
125.26 131.30 149.90 145.19 7.77 27.66 130.25
124.42 130.42 148.98 143.54 8.26 26.86 129.26
123.54 129.05 146.53 141.72 7.35 25.10 127.96
124.52 130.56 150.46 144.95 8.38 28.90 129.61
124.56 130.10 147.51 142.67 7.45 25.19 129.00
125.26 131.30 149.93 144.42 8.39 27.11 130.14
124.07 129.68 147.19 142.21 7.59 25.21 128.54
124.77 130.80 150.56 145.19 8.28 28.84 129.86
124.17 129.72 147.09 142.35 7.35 25.14 128.61
124.00 130.03 149.93 164.11 -7.71 44.61 129.69
124.03 129.58 146.95 142.18 7.37 25.09 128.46
124.70 130.77 150.28 144.11 8.91 27.87 129.65
123.89 129.93 150.53 145.97 7.63 30.56 129.19
125.12 131.15 151.02 146.32 7.79 29.58 130.31
124.59 130.63 151.09 145.65 8.35 29.83 129.78
125.54 131.61 149.48 145.61 7.14 27.25 130.53
124.70 130.73 150.63 146.88 7.04 30.27 130.00
125.05 131.12 149.72 145.02 7.78 27.65 130.05
123.89 129.93 150.53 146.11 7.52 30.67 129.21
125.15 131.23 149.86 146.00 7.14 28.36 130.28
124.31 130.35 148.18 143.90 7.38 26.61 129.20
124.38 130.42 149.09 145.19 7.10 28.20 129.47
124.77 130.80 149.44 144.07 8.25 27.12 129.66
123.85 129.47 146.84 142.07 7.41 25.12 128.33
123.68 129.68 149.58 144.11 8.28 28.72 128.74
124.31 129.82 147.30 142.46 7.42 25.22 128.74
124.98 131.01 150.88 145.44 8.35 28.99 130.08
124.10 129.65 147.09 142.28 7.40 25.18 128.55
124.80 130.80 149.51 144.81 7.72 27.70 129.78
123.92 129.72 146.88 142.07 7.56 24.93 128.45
124.00 130.03 149.97 145.19 7.78 29.40 129.17
124.35 130.42 151.09 146.28 7.87 30.61 129.65
124.70 130.77 149.41 144.63 7.82 27.58 129.69
123.89 129.89 150.42 144.95 8.31 29.73 129.05
124.56 130.59 150.63 145.72 7.93 29.57 129.74
124.31 130.38 150.91 145.40 8.41 29.86 129.51
125.26 131.33 150.04 145.37 7.77 27.88 130.29
124.14 130.17 150.28 146.21 7.25 30.23 129.43
125.08 131.15 151.16 146.28 7.95 29.69 130.30
123.92 130.00 149.76 144.35 8.28 28.67 129.01
124.91 130.98 149.65 144.91 7.80 27.70 129.92
124.66 130.73 150.60 145.12 8.39 28.93 129.77
124.70 130.31 147.69 142.91 7.46 25.27 129.19
125.12 131.15 149.72 144.32 8.30 27.05 130.00
123.89 129.47 146.91 142.11 7.42 25.17 128.35
124.28 130.35 150.18 144.74 8.33 28.82 129.38
123.43 128.98 146.39 141.61 7.34 25.03 127.86
124.42 130.49 150.39 145.68 7.78 29.52 129.62
123.85 129.44 146.84 142.03 7.41 25.11 128.31
123.96 130.03 148.63 143.97 7.69 27.46 128.95
124.03 130.10 150.74 146.14 7.69 30.65 129.35
124.66 130.73 150.74 145.90 7.90 29.62 129.87
124.14 130.21 150.25 146.21 7.25 30.18 129.44
124.21 130.28 150.14 145.72 7.55 29.63 129.44
124.24 130.35 150.81 145.33 8.40 29.79 129.45
124.91 131.01 148.84 144.95 7.16 27.08 129.90
124.70 130.77 150.63 146.77 7.14 30.16 130.00
124.42 130.52 149.12 144.42 7.77 27.55 129.43
123.89 129.96 148.42 143.05 8.22 26.70 128.75
124.87 130.94 149.58 144.95 7.72 27.72 129.89
124.63 130.70 150.39 145.09 8.24 28.78 129.73
124.35 129.93 147.30 142.60 7.36 25.23 128.82
124.45 130.52 149.05 143.72 8.23 26.95 129.35
124.49 130.10 147.40 142.70 7.39 25.18 128.97
124.28 130.35 148.25 143.51 7.75 26.40 129.13
124.63 130.35 147.51 142.81 7.47 25.08 129.14
124.70 130.77 150.53 145.93 7.71 29.44 129.90
123.82 129.36 146.74 142.00 7.33 25.08 128.25
124.52 130.59 150.39 145.76 7.73 29.43 129.72
124.59 130.66 150.53 146.60 7.19 30.09 129.89
124.63 130.70 149.19 143.86 8.24 26.93 129.52
123.82 129.86 149.34 144.81 7.57 28.84 128.95
124.17 130.21 148.77 143.40 8.21 26.89 129.04
124.84 130.91 152.14 145.83 9.09 30.45 130.05
125.50 131.58 149.30 145.61 7.00 27.16 130.49
124.70 130.73 150.56 146.70 7.12 30.08 129.98
124.73 130.80 150.25 144.70 8.43 28.24 129.76
123.89 129.93 150.32 144.84 8.33 29.54 129.05
125.15 131.19 151.79 146.32 8.41 30.14 130.36
123.71 129.72 149.44 144.04 8.22 28.51 128.76
124.35 129.89 147.23 142.46 7.39 25.10 128.78
125.05 131.08 150.84 145.37 8.38 28.82 130.13
124.17 129.79 147.05 142.28 7.43 25.02 128.63
123.92 129.96 149.69 144.32 8.23 28.61 128.99
124.87 130.49 147.79 143.02 7.47 25.20 129.35
124.07 130.10 147.97 143.26 7.68 26.30 128.89
124.70 130.35 147.62 142.81 7.51 25.12 129.18
124.52 130.56 150.28 145.72 7.65 29.34 129.70
124.59 130.63 150.49 146.63 7.11 30.11 129.88
124.63 130.66 150.49 145.79 7.76 29.42 129.81
125.01 131.05 151.44 145.93 8.42 29.76 130.18
124.45 130.49 150.42 145.58 7.86 29.44 129.63
124.52 130.56 150.70 146.49 7.38 30.26 129.81
125.50 131.51 151.41 146.53 7.93 29.55 130.67
123.75 129.75 150.28 145.02 8.14 29.86 128.93
125.61 131.65 152.18 146.67 8.46 30.11 130.81
124.77 130.77 151.27 145.65 8.47 29.76 129.92
124.52 130.52 149.26 144.39 7.84 27.57 129.48
124.59 130.59 148.46 143.68 7.74 26.32 129.40
124.94 130.94 149.58 144.81 7.78 27.57 129.90
124.73 130.77 148.63 143.82 7.80 26.35 129.56
123.85 129.68 146.74 141.89 7.61 24.76 128.37
123.92 129.96 149.58 144.21 8.23 28.45 128.98
123.36 128.91 146.28 141.44 7.39 24.91 127.77
124.98 130.98 148.81 144.07 7.74 26.37 129.79
124.10 129.65 147.02 142.18 7.43 25.05 128.53
125.12 131.12 149.79 145.02 7.79 27.66 130.09
124.24 130.03 147.12 142.32 7.58 24.88 128.76
124.24 130.03 147.12 142.32 7.58 24.88 128.76
124.38 130.38 150.91 145.37 8.39 29.78 129.54
124.42 130.45 150.98 145.51 8.36 29.88 129.60
124.49 130.49 151.13 146.42 7.75 30.61 129.76
124.56 130.56 149.30 144.46 7.81 27.60 129.52
124.03 130.03 150.81 146.07 7.76 30.70 129.32
125.01 131.01 150.88 146.11 7.82 29.48 130.18
124.49 130.49 150.95 145.44 8.37 29.72 129.64
125.43 131.47 150.00 145.44 7.67 27.70 130.43
124.87 130.87 149.44 144.04 8.26 26.97 129.73
124.94 130.94 150.91 146.04 7.90 29.54 130.11
124.42 130.38 150.14 144.70 8.27 28.65 129.45
124.42 129.96 147.30 142.53 7.39 25.11 128.85
125.43 131.44 151.20 145.72 8.38 28.87 130.50
123.64 129.12 146.46 141.72 7.27 24.93 128.03
124.63 130.63 148.67 143.79 7.83 26.52 129.46
124.35 129.82 147.37 142.46 7.45 25.25 128.76
124.17 130.14 150.14 145.26 7.83 29.40 129.31
124.21 129.68 147.09 142.32 7.33 25.12 128.61
124.59 130.59 149.19 143.79 8.24 26.97 129.45
123.78 129.79 150.42 145.72 7.71 30.45 129.05
124.73 130.73 150.67 145.86 7.83 29.50 129.90
123.89 129.86 150.39 144.81 8.36 29.62 129.02
124.56 130.56 151.05 145.68 8.27 29.90 129.74
124.63 130.63 151.27 146.63 7.70 30.69 129.91
125.57 131.58 151.02 146.39 7.73 29.05 130.70
123.85 129.82 149.69 145.86 7.00 29.92 129.10
124.49 130.49 150.91 145.61 8.21 29.83 129.66
124.52 130.56 150.32 144.88 8.32 28.73 129.60
124.91 130.94 150.81 145.97 7.89 29.43 130.08
124.07 130.07 149.83 144.39 8.27 28.61 129.11
123.82 129.36 146.81 141.93 7.44 25.08 128.25
124.52 130.52 148.39 143.68 7.68 26.36 129.34
124.56 130.14 147.40 142.67 7.40 25.08 129.01
124.63 130.63 148.49 143.79 7.69 26.38 129.45
124.35 130.14 147.23 142.46 7.56 24.93 128.87
125.36 131.37 149.97 144.60 8.26 27.15 130.24
125.08 130.59 147.97 143.19 7.40 25.25 129.52
124.56 130.56 150.39 145.65 7.76 29.35 129.71
123.75 129.72 150.28 145.72 7.57 30.41 129.00
124.38 130.38 149.02 143.58 8.26 26.96 129.24
124.45 130.45 150.98 145.44 8.40 29.80 129.61
124.49 130.49 150.32 145.65 7.70 29.39 129.65
123.64 129.65 150.25 145.68 7.59 30.48 128.92
125.26 131.26 151.13 146.32 7.86 29.50 130.42
124.42 130.42 150.98 146.42 7.64 30.59 129.70
124.45 130.49 149.12 144.49 7.67 27.61 129.44
124.52 130.52 150.32 144.95 8.24 28.81 129.59
124.87 130.91 150.98 146.84 7.35 30.28 130.16
124.07 130.03 149.83 144.42 8.22 28.66 129.10
123.47 128.94 146.35 141.58 7.29 24.98 127.86
124.17 130.17 149.93 144.53 8.25 28.66 129.22
124.21 129.72 147.09 142.32 7.36 25.09 128.62
124.59 130.59 150.32 144.95 8.25 28.72 129.65
123.71 129.22 146.56 141.82 7.30 24.98 128.12
125.64 131.61 149.58 144.84 7.75 26.68 130.48
123.82 129.44 146.67 141.96 7.35 24.95 128.27
124.84 130.84 150.70 145.93 7.81 29.44 130.00
124.03 130.00 150.53 144.98 8.34 29.68 129.17
124.98 130.94 148.70 144.95 6.96 26.97 129.89
124.14 130.10 150.04 146.18 7.04 30.06 129.39
124.17 130.17 148.74 144.18 7.57 27.47 129.13
123.96 129.93 150.60 144.95 8.43 29.80 129.10
124.91 130.91 149.48 144.81 7.70 27.53 129.87
124.07 130.07 150.67 146.11 7.62 30.57 129.35
125.01 131.01 150.95 146.21 7.79 29.61 130.19
123.85 129.86 150.39 144.88 8.33 29.70 129.01
124.84 130.84 151.48 146.00 8.37 30.10 130.03
124.59 130.59 150.35 144.98 8.25 28.77 129.66
124.59 130.17 147.55 142.77 7.43 25.22 129.06
124.73 130.73 149.26 143.93 8.19 26.94 129.59
123.82 129.51 146.77 142.00 7.46 25.01 128.31
124.21 130.24 148.07 143.44 7.64 26.33 129.04
123.96 129.51 146.88 142.14 7.34 25.10 128.40
124.63 130.66 150.35 145.05 8.22 28.75 129.71
123.75 129.29 146.67 141.93 7.33 25.06 128.18
124.77 130.80 149.41 144.00 8.28 27.04 129.65
124.49 130.10 147.40 142.67 7.42 25.15 128.96
124.56 130.59 151.23 145.72 8.40 30.04 129.76
125.26 131.26 152.53 146.21 9.07 30.53 130.44
124.66 130.73 148.60 143.93 7.71 26.47 129.53
124.45 130.49 151.13 146.46 7.75 30.66 129.75
124.52 130.52 150.46 145.61 7.84 29.43 129.68
124.63 130.63 151.16 145.61 8.41 29.84 129.79
125.26 131.26 151.16 146.42 7.80 29.61 130.44
124.73 130.73 151.23 146.04 8.14 30.07 129.94
124.49 130.52 149.12 144.60 7.59 27.64 129.48
124.87 130.87 149.41 144.04 8.23 26.95 129.73
124.91 130.94 150.39 144.91 8.36 28.30 129.93
124.70 130.70 149.23 143.86 8.22 26.91 129.55
123.78 129.33 146.77 141.96 7.39 25.12 128.22
124.80 130.80 148.95 143.97 7.92 26.63 129.64
123.61 129.08 146.53 141.75 7.30 25.06 128.01
124.63 130.59 150.42 144.98 8.28 28.80 129.68
123.71 129.22 146.63 141.89 7.30 25.08 128.13
124.45 130.45 150.28 145.61 7.70 29.38 129.61
124.17 129.82 147.09 142.35 7.42 25.07 128.65
124.28 130.31 148.88 143.65 8.11 27.02 129.17
123.75 129.79 150.25 144.77 8.32 29.62 128.92
124.42 130.45 150.28 145.58 7.75 29.38 129.59
124.45 130.49 150.91 145.76 8.12 29.96 129.66
124.21 130.24 150.04 146.21 7.06 29.94 129.48
124.28 130.31 150.95 152.92 2.49 35.79 130.13
124.63 130.66 151.16 146.74 7.56 30.67 129.94
124.10 130.14 149.93 146.18 7.00 29.98 129.38
124.73 130.80 151.20 145.97 8.22 29.94 129.95
124.21 130.24 148.07 143.54 7.56 26.41 129.06
125.47 131.54 151.30 148.53 6.33 31.01 130.89
124.94 131.01 148.77 144.21 7.65 26.45 129.81
123.78 129.33 146.67 141.96 7.30 25.04 128.22
124.49 130.52 150.21 144.91 8.21 28.73 129.57
123.29 128.84 146.18 141.47 7.28 24.95 127.71
124.31 130.35 148.32 143.51 7.78 26.43 129.15
124.03 129.54 146.91 142.18 7.32 25.09 128.45
124.03 129.54 146.91 142.18 7.32 25.09 128.45
124.14 129.75 146.98 142.28 7.37 25.01 128.59
124.52 130.56 149.19 144.53 7.70 27.59 129.51
124.63 130.66 151.13 145.65 8.38 29.81 129.81
125.26 131.30 150.74 144.56 8.92 27.84 130.19
124.42 130.45 151.69 145.37 9.03 30.32 129.60
124.45 130.52 151.09 145.58 8.42 29.94 129.66
124.24 130.28 150.18 145.65 7.61 29.58 129.45
124.91 130.94 149.44 144.77 7.72 27.46 129.88
124.07 130.10 150.63 145.16 8.34 29.80 129.25
125.01 131.08 149.72 145.16 7.67 27.80 130.04
124.17 130.24 150.00 144.60 8.30 28.72 129.26
125.43 131.54 151.34 146.67 7.83 29.63 130.67
124.91 130.98 150.67 145.33 8.29 28.82 130.01
124.03 129.65 147.40 142.18 7.77 25.39 128.52
124.10 130.21 148.63 143.37 8.18 26.80 129.00
123.22 128.84 146.32 141.37 7.51 25.03 127.68
124.24 130.31 148.88 143.47 8.27 26.91 129.13
123.96 129.54 146.77 142.11 7.31 24.97 128.40
124.03 130.14 149.90 145.23 7.75 29.27 129.23
123.47 129.08 146.35 141.61 7.36 24.91 127.91
124.80 130.87 150.67 145.93 7.82 29.41 130.00
123.96 130.03 150.63 146.04 7.69 30.58 129.28
124.63 130.70 151.05 145.97 8.10 29.97 129.86
124.70 130.77 151.37 146.88 7.65 30.82 130.04
124.73 130.80 149.48 144.77 7.77 27.69 129.74
124.21 130.28 150.63 145.19 8.35 29.62 129.39
123.92 130.03 149.76 145.16 7.69 29.25 129.13
123.71 129.82 149.55 145.97 6.89 29.98 129.04
124.38 130.45 150.28 145.65 7.72 29.45 129.59
124.38 130.45 150.28 145.65 7.72 29.45 129.59
124.80 130.91 149.41 144.81 7.71 27.55 129.82
123.64 129.72 149.37 144.04 8.21 28.50 128.72
124.28 129.82 147.19 142.42 7.38 25.14 128.72
125.01 131.12 150.84 145.44 8.37 28.87 130.13
124.45 130.31 147.40 142.60 7.64 24.98 129.02
124.52 130.63 149.05 143.65 8.31 26.78 129.41
124.28 130.00 147.16 142.42 7.48 24.99 128.78
124.03 130.14 149.83 144.46 8.29 28.64 129.13
124.66 130.28 147.62 142.81 7.48 25.19 129.14
124.77 130.84 150.63 145.90 7.82 29.40 129.96
124.84 130.94 151.30 145.83 8.44 29.76 130.04
124.87 130.98 150.81 146.07 7.85 29.51 130.09
124.63 130.73 151.20 145.65 8.48 29.82 129.84
124.70 130.77 150.63 145.83 7.87 29.44 129.89
123.85 129.93 150.35 144.84 8.38 29.60 129.03
125.43 131.51 151.27 146.53 7.86 29.49 130.63
124.31 130.38 151.02 145.54 8.39 30.05 129.53
124.35 130.45 150.28 145.51 7.85 29.37 129.55
123.82 129.93 150.32 144.74 8.46 29.51 129.00
125.40 131.51 150.07 145.44 7.77 27.75 130.43
124.87 130.91 148.81 144.07 7.76 26.48 129.72
124.91 130.98 150.42 145.68 7.82 28.89 130.05
124.07 130.14 148.70 143.30 8.26 26.87 128.95
124.10 129.72 147.05 142.21 7.48 25.06 128.56
124.17 130.21 148.70 143.26 8.26 26.73 129.02
124.52 130.03 147.37 142.60 7.37 25.10 128.94
124.59 130.63 150.42 145.02 8.30 28.83 129.68
123.71 129.36 146.67 141.86 7.45 24.99 128.18
124.73 130.77 150.67 146.60 7.28 30.03 130.00
124.45 130.03 147.44 142.60 7.47 25.20 128.91
124.56 130.59 150.46 145.65 7.84 29.38 129.73
123.75 129.79 150.42 145.72 7.73 30.48 129.04
124.70 130.73 150.60 145.83 7.82 29.44 129.88
124.45 130.49 151.02 145.40 8.48 29.78 129.62
125.08 131.12 149.83 145.02 7.84 27.71 130.07
124.28 130.28 150.95 145.23 8.52 29.84 129.43
124.31 130.38 149.86 144.11 8.57 28.05 129.31
124.07 130.14 150.70 146.07 7.72 30.52 129.37
124.73 130.80 149.41 144.70 7.76 27.59 129.73
123.89 129.93 148.56 142.98 8.36 26.78 128.74
124.84 130.87 149.55 144.28 8.18 27.26 129.75
124.03 130.03 149.90 144.39 8.32 28.71 129.09
123.75 129.33 146.70 141.89 7.41 25.04 128.19
125.05 131.08 150.91 145.44 8.38 28.93 130.14
124.49 130.07 147.47 142.60 7.50 25.18 128.94
125.19 131.23 149.09 144.39 7.75 26.52 130.04
124.00 129.54 147.05 142.14 7.48 25.19 128.44
124.10 130.10 150.11 145.26 7.82 29.44 129.26
124.10 129.72 147.09 142.28 7.45 25.13 128.57
125.12 131.15 149.37 144.46 7.91 26.88 130.00
124.28 130.31 150.88 145.19 8.52 29.74 129.44
124.63 130.66 150.42 145.76 7.73 29.34 129.80
123.78 129.86 150.49 145.05 8.33 29.96 129.00
124.77 130.80 149.44 144.07 8.25 27.12 129.66
123.92 129.96 150.67 145.93 7.77 30.60 129.22
124.91 130.94 149.90 144.21 8.51 27.39 129.82
124.66 130.73 151.30 146.74 7.70 30.71 129.99
124.73 130.80 150.63 145.93 7.79 29.48 129.93
124.73 130.80 150.63 145.93 7.79 29.48 129.93
124.73 130.80 150.63 145.93 7.79 29.48 129.93
124.59 130.66 149.26 144.07 8.13 27.19 129.52
124.59 130.66 149.26 144.07 8.13 27.19 129.52
124.70 130.80 150.60 145.09 8.44 28.83 129.81
123.22 129.12 146.14 141.40 7.54 24.73 127.78
124.80 130.91 149.41 144.04 8.30 26.97 129.71
124.52 130.10 147.55 142.70 7.48 25.26 128.99
124.63 130.70 150.56 145.83 7.82 29.48 129.83
124.07 129.61 146.98 142.25 7.35 25.12 128.51
124.45 130.56 150.46 145.61 7.91 29.45 129.66
124.24 130.31 150.95 145.58 8.30 30.11 129.47
124.28 130.35 150.21 145.40 7.85 29.35 129.46
124.66 130.73 151.13 145.68 8.37 29.77 129.86
125.01 131.08 151.58 146.21 8.34 30.06 130.24
124.17 130.21 150.74 146.21 7.62 30.54 129.47
124.52 130.59 149.19 144.60 7.67 27.62 129.53
124.31 130.38 150.98 146.39 7.71 30.66 129.63
124.35 130.45 150.32 145.65 7.77 29.50 129.57
124.10 130.17 147.97 143.30 7.68 26.26 128.94
124.77 130.84 151.41 146.00 8.36 30.09 129.99
124.84 130.87 150.63 145.26 8.29 28.85 129.93
124.56 130.14 147.47 142.70 7.42 25.16 129.02
124.66 130.73 150.46 145.05 8.33 28.77 129.76
124.10 129.68 147.02 142.28 7.37 25.10 128.55
124.80 130.84 150.63 145.16 8.37 28.82 129.88
123.29 128.87 146.21 141.47 7.33 24.96 127.73
124.31 130.35 148.21 143.58 7.64 26.40 129.15
123.43 129.22 146.35 141.61 7.48 24.84 127.95
124.42 130.45 150.25 145.65 7.67 29.40 129.60
124.21 130.24 150.88 145.58 8.22 30.12 129.43
124.56 130.59 149.19 143.90 8.18 27.07 129.45
124.31 130.35 149.93 145.33 7.66 29.06 129.46
124.38 130.42 149.02 143.68 8.20 27.01 129.27
124.14 130.17 149.93 145.68 7.38 29.56 129.35
125.12 131.15 149.16 145.12 7.23 27.22 130.09
124.63 130.66 150.46 146.63 7.08 30.04 129.91
124.98 130.98 149.65 144.98 7.70 27.71 129.96
123.82 129.82 149.65 145.86 6.99 29.91 129.08
123.82 129.82 149.65 145.86 6.99 29.91 129.08
123.61 129.65 149.34 144.04 8.16 28.54 128.68
123.64 129.15 146.56 141.82 7.30 25.07 128.06
123.64 129.15 146.56 141.82 7.30 25.07 128.06
123.78 129.29 146.63 141.96 7.25 25.04 128.20
124.49 130.49 150.18 144.88 8.19 28.69 129.55
123.61 129.08 146.46 141.75 7.25 25.01 128.00
124.59 130.59 148.74 143.79 7.88 26.62 129.43
124.31 129.93 147.16 142.49 7.35 25.07 128.78
125.29 131.33 149.93 145.40 7.64 27.80 130.31
124.14 129.65 147.12 142.32 7.38 25.21 128.57
124.24 130.28 148.81 143.54 8.14 26.93 129.12
124.03 130.00 150.04 146.04 7.14 30.09 129.28
124.98 130.98 150.81 146.18 7.70 29.52 130.15
124.14 130.14 150.04 146.14 7.09 30.01 129.40
124.17 130.17 149.97 145.44 7.58 29.37 129.34
124.28 130.28 150.84 150.04 4.68 33.46 129.93
124.31 130.35 148.67 144.35 7.41 27.33 129.28
124.38 130.38 150.88 145.40 8.34 29.78 129.54
125.05 131.08 150.53 145.12 8.32 28.38 130.08
124.21 130.21 148.81 143.37 8.24 26.87 129.05
124.24 130.28 149.65 143.51 8.83 27.56 129.15
125.26 131.23 149.79 144.42 8.23 27.05 130.11
124.07 129.61 146.98 142.21 7.37 25.10 128.50
124.17 130.14 147.97 143.40 7.53 26.31 128.97
124.21 129.79 147.12 142.39 7.38 25.12 128.66
124.31 130.28 150.00 144.67 8.18 28.66 129.35
124.00 129.47 146.81 142.14 7.24 25.05 128.40
124.10 130.07 148.60 144.07 7.52 27.39 129.04
123.82 129.22 146.67 142.00 7.18 25.12 128.20
124.84 130.77 150.60 146.07 7.56 29.51 129.98
124.94 130.87 150.49 146.60 7.08 29.69 130.14
124.66 130.63 150.49 145.79 7.72 29.42 129.81
123.82 129.75 150.39 145.76 7.61 30.45 129.06
125.08 131.01 150.49 145.12 8.22 28.38 130.07
125.15 131.12 151.76 146.14 8.47 30.03 130.31
125.15 131.12 151.76 146.14 8.47 30.03 130.31
125.15 131.12 151.76 146.14 8.47 30.03 130.31
124.73 130.70 149.37 145.54 7.02 28.27 129.80
124.73 130.70 149.37 145.54 7.02 28.27 129.80
124.73 130.70 149.37 145.54 7.02 28.27 129.80
124.91 130.87 149.44 144.14 8.15 27.03 129.76
124.03 129.58 146.91 142.18 7.34 25.06 128.46
125.05 131.01 149.55 144.25 8.16 27.00 129.90
124.17 129.61 147.05 142.28 7.31 25.13 128.56
124.52 130.49 150.28 144.88 8.25 28.75 129.57
124.87 130.31 147.72 142.98 7.32 25.24 129.28
124.07 130.03 148.67 143.30 8.16 26.92 128.91
124.10 129.58 146.95 142.21 7.30 25.07 128.50
124.21 130.21 148.84 144.14 7.68 27.47 129.16
124.87 130.87 151.48 146.91 7.66 30.75 130.17
124.94 130.91 150.74 146.81 7.13 30.02 130.18
124.42 130.38 150.98 146.42 7.61 30.62 129.69
125.05 131.05 150.81 146.18 7.71 29.43 130.21
124.21 130.21 150.81 146.28 7.60 30.63 129.50
125.19 131.15 148.91 145.16 6.97 27.01 130.11
124.63 130.59 151.13 146.28 7.84 30.34 129.86
124.70 130.66 150.49 145.93 7.61 29.48 129.86
124.45 130.42 150.07 144.81 8.13 28.63 129.49
124.49 130.45 150.21 145.65 7.60 29.33 129.63
124.59 130.52 150.25 144.91 8.17 28.68 129.62
124.00 129.44 146.88 142.07 7.32 25.08 128.38
124.73 130.66 149.16 143.86 8.12 26.86 129.55
124.45 129.93 147.30 142.53 7.34 25.11 128.85
124.84 130.80 149.30 144.00 8.15 26.91 129.68
123.96 129.61 146.77 142.07 7.38 24.90 128.42
125.26 131.26 149.76 144.77 7.96 27.26 130.17
124.38 129.86 147.19 142.49 7.29 25.10 128.78
124.45 130.42 150.25 145.54 7.70 29.32 129.59
124.56 130.49 151.09 146.49 7.62 30.59 129.80
124.87 130.84 149.48 144.74 7.72 27.55 129.82
124.63 130.59 151.27 146.60 7.71 30.69 129.90
124.70 130.66 149.19 144.60 7.60 27.46 129.64
124.45 130.45 150.91 146.46 7.55 30.52 129.73
124.80 130.77 150.77 146.63 7.29 30.10 130.04
124.80 130.77 150.77 146.63 7.29 30.10 130.04
124.80 130.77 150.77 146.63 7.29 30.10 130.04
124.80 130.77 150.77 146.63 7.29 30.10 130.04
124.17 130.14 150.74 145.40 8.19 29.98 129.34
124.21 130.21 148.74 144.04 7.68 27.31 129.14
123.92 129.72 146.77 142.07 7.48 24.85 128.44
125.22 131.26 149.83 145.16 7.74 27.63 130.21
124.38 129.96 147.33 142.53 7.44 25.16 128.84
124.17 130.17 149.86 144.53 8.19 28.60 129.22
123.85 129.47 146.74 141.96 7.41 24.96 128.30
123.96 130.00 149.69 144.28 8.26 28.54 129.02
124.91 130.38 147.79 143.02 7.37 25.25 129.33
124.70 130.70 149.23 144.46 7.76 27.36 129.63
124.49 130.52 151.23 146.53 7.78 30.75 129.79
124.52 130.56 149.12 144.46 7.70 27.49 129.49
123.96 130.03 150.49 144.91 8.44 29.62 129.14
124.66 130.70 150.53 145.97 7.66 29.54 129.86
124.10 130.14 150.70 145.09 8.45 29.75 129.27
124.45 130.49 149.05 144.42 7.67 27.50 129.43
124.24 130.28 150.81 146.21 7.68 30.50 129.53
125.19 131.26 151.02 146.39 7.76 29.52 130.40
124.35 130.38 151.02 146.39 7.71 30.66 129.65
125.01 131.05 149.65 144.98 7.73 27.64 130.00
124.17 130.17 148.67 143.40 8.11 26.83 129.02
125.12 131.15 149.72 145.19 7.63 27.71 130.12
123.68 129.72 149.51 144.00 8.33 28.56 128.74
124.03 129.61 146.91 142.14 7.39 25.01 128.47
124.42 130.49 148.63 143.72 7.89 26.67 129.30
124.14 129.79 147.05 142.28 7.45 25.04 128.61
125.47 131.51 151.20 145.83 8.32 28.88 130.56
124.24 129.82 147.19 142.39 7.43 25.13 128.69
124.35 130.42 148.98 143.54 8.30 26.90 129.23
123.78 129.33 146.74 141.93 7.39 25.07 128.22
123.78 129.33 146.74 141.93 7.39 25.07 128.22
123.92 130.03 150.35 145.97 7.54 30.33 129.24
124.56 130.66 151.20 145.76 8.40 29.99 129.79
124.56 130.66 151.20 145.76 8.40 29.99 129.79
124.38 130.49 150.98 145.58 8.36 29.93 129.61
123.54 129.65 150.00 144.60 8.30 29.53 128.74
125.43 131.54 151.37 146.63 7.89 29.63 130.66
124.91 131.01 151.41 146.00 8.39 29.88 130.13
124.98 131.08 150.91 148.00 6.44 30.93 130.41
124.42 130.52 149.02 144.35 7.74 27.42 129.42
125.05 131.15 150.95 146.53 7.62 29.73 130.30
125.12 131.26 149.79 144.42 8.35 27.11 130.06
123.92 129.58 146.98 142.14 7.49 25.16 128.42
124.63 130.70 150.63 145.09 8.44 28.98 129.74
123.75 129.36 146.74 141.93 7.43 25.07 128.21
124.42 130.52 150.42 144.88 8.45 28.91 129.54
123.85 129.54 146.84 142.03 7.49 25.04 128.35
123.96 130.07 148.67 143.23 8.30 26.91 128.86
124.59 130.52 147.62 142.77 7.72 25.04 129.19
124.59 130.52 147.62 142.77 7.72 25.04 129.19
124.14 130.28 150.84 146.18 7.80 30.57 129.48
124.14 130.28 150.84 146.18 7.80 30.57 129.48
123.96 130.07 150.77 146.04 7.82 30.67 129.29
125.54 131.65 150.35 145.54 7.92 27.86 130.58
123.78 129.89 150.39 144.81 8.46 29.67 128.98
124.73 130.87 149.51 144.81 7.82 27.70 129.78
123.92 129.96 150.46 144.95 8.36 29.69 129.10
124.87 130.94 149.62 144.91 7.77 27.72 129.89
124.31 130.42 150.28 144.74 8.44 28.83 129.42
124.70 130.77 149.41 144.77 7.71 27.69 129.71
124.45 130.52 150.39 144.91 8.37 28.89 129.56
123.85 129.82 146.91 142.07 7.71 24.93 128.46
124.59 130.66 150.53 145.02 8.41 28.89 129.69
124.63 130.17 147.65 142.81 7.46 25.31 129.09
124.73 130.77 150.63 145.16 8.36 28.91 129.82
123.85 129.75 146.81 142.00 7.63 24.85 128.42
123.92 130.00 147.97 143.93 7.20 26.96 128.88
123.64 129.40 146.70 141.79 7.60 24.98 128.16
124.35 130.42 150.32 145.61 7.77 29.50 129.55
124.14 130.21 150.88 146.14 7.81 30.62 129.45
125.08 131.15 149.83 144.32 8.40 27.16 129.99
123.92 130.00 149.97 145.97 7.21 30.05 129.22
124.28 130.35 150.21 145.44 7.82 29.38 129.47
124.35 130.45 151.16 146.39 7.87 30.73 129.68
124.70 130.80 149.37 144.67 7.79 27.55 129.71
124.17 130.28 150.91 146.21 7.81 30.63 129.50
124.21 130.31 150.42 145.51 7.96 29.67 129.44
124.59 130.70 148.53 143.90 7.71 26.46 129.47
124.66 130.77 149.30 144.74 7.68 27.60 129.69
124.45 130.52 148.42 143.72 7.73 26.46 129.31
123.54 129.19 146.49 141.72 7.42 24.98 128.01
123.92 130.03 149.72 144.39 8.25 28.64 129.03
123.96 129.61 146.95 142.14 7.47 25.09 128.44
124.38 130.45 149.02 143.68 8.22 26.99 129.28
123.78 129.33 146.84 141.93 7.47 25.15 128.22
124.17 130.24 148.77 143.40 8.24 26.87 129.05
124.21 129.79 147.16 142.35 7.43 25.13 128.66
124.87 131.01 150.77 146.14 7.80 29.51 130.11
124.10 130.17 149.86 145.12 7.78 29.10 129.27
124.73 130.80 151.37 146.74 7.76 30.67 130.05
124.80 130.87 151.37 145.90 8.41 29.93 130.01
124.87 130.98 149.55 144.98 7.69 27.70 129.91
123.71 129.79 150.49 152.49 2.47 35.81 129.59
124.98 131.05 150.56 145.76 7.88 28.96 130.12
125.05 131.12 151.79 147.40 7.59 31.09 130.41
125.08 131.19 151.76 146.63 8.19 30.40 130.37
125.08 131.19 151.76 146.63 8.19 30.40 130.37
124.31 130.42 149.09 144.53 7.66 27.74 129.35
124.38 130.49 148.84 143.65 8.14 26.80 129.28
124.10 129.65 147.12 142.25 7.46 25.18 128.54
124.17 130.28 150.07 144.60 8.38 28.75 129.28
123.96 129.51 146.91 142.11 7.39 25.10 128.39
124.35 130.38 148.25 143.54 7.70 26.36 129.18
124.38 129.96 147.37 142.53 7.47 25.18 128.84
125.40 131.44 151.27 145.76 8.43 28.97 130.49
124.17 129.72 147.12 142.32 7.41 25.14 128.61
125.19 131.23 149.83 144.35 8.36 27.07 130.07
124.31 129.86 147.26 142.42 7.44 25.14 128.75
124.70 130.73 149.41 144.11 8.19 27.21 129.61
124.17 130.21 149.93 145.19 7.76 29.14 129.32
124.52 130.56 150.42 145.68 7.79 29.43 129.70
124.28 130.31 150.81 145.23 8.44 29.71 129.44
124.31 130.35 148.98 143.51 8.30 26.95 129.18
124.42 130.45 151.20 145.37 8.64 29.93 129.59
125.08 131.12 151.76 146.25 8.44 30.16 130.29
124.24 130.28 150.95 146.25 7.76 30.64 129.54
125.22 131.26 151.79 146.35 8.39 30.08 130.43
124.35 130.42 150.11 144.74 8.28 28.67 129.44
125.01 131.05 150.91 146.18 7.81 29.53 130.20
124.17 130.21 148.11 143.44 7.66 26.40 129.01
123.29 128.84 146.25 141.40 7.38 24.95 127.71
124.28 130.35 150.11 144.67 8.33 28.71 129.37
124.31 129.93 147.26 142.42 7.49 25.09 128.77
125.01 131.08 150.88 145.40 8.41 28.89 130.12
123.50 129.12 146.42 141.61 7.42 24.92 127.95
125.12 131.15 149.79 144.32 8.35 27.11 130.00
124.24 129.79 147.23 142.35 7.46 25.16 128.68
124.98 131.01 149.76 144.77 7.97 27.61 129.95
124.14 130.17 150.84 146.14 7.76 30.62 129.43
124.49 130.52 150.42 145.76 7.73 29.53 129.68
124.28 130.28 150.95 146.28 7.71 30.64 129.56
124.91 130.94 150.95 146.04 7.95 29.59 130.09
124.98 131.05 151.48 145.97 8.45 29.84 130.17
124.73 130.77 150.81 145.86 7.96 29.58 129.92
124.80 130.84 151.27 145.76 8.41 29.77 129.98
125.19 131.23 149.93 145.09 7.88 27.70 130.17
124.31 130.35 148.95 143.44 8.33 26.87 129.17
124.66 130.70 150.18 144.56 8.46 28.20 129.67
