126.87 131.68 143.68 137.58 7.83 15.98 129.27
126.94 131.44 143.47 137.33 7.63 15.77 129.15
128.21 132.84 142.74 138.63 6.26 14.35 130.24
127.33 131.93 141.89 137.79 6.19 14.33 129.34
127.40 132.00 141.96 137.86 6.19 14.34 129.41
127.08 131.68 143.58 137.58 7.61 15.76 129.34
126.42 131.23 141.19 136.56 6.68 14.02 128.43
127.68 132.38 144.32 138.35 7.70 15.99 130.04
126.56 131.37 141.33 136.70 6.69 14.03 128.57
127.54 132.24 144.18 138.21 7.69 15.97 129.90
126.38 131.23 141.19 136.56 6.70 14.04 128.42
126.98 131.47 142.00 137.40 6.47 14.68 129.00
127.12 131.93 141.89 137.26 6.72 14.09 129.15
127.40 131.93 142.49 137.82 6.57 14.75 129.45
126.94 131.75 141.68 137.12 6.66 14.07 128.98
128.10 132.91 143.58 138.84 6.86 15.15 130.38
127.19 132.07 142.03 138.03 6.31 14.61 129.40
127.26 132.14 142.11 138.07 6.34 14.59 129.47
126.10 131.01 140.91 136.91 6.28 14.41 128.28
127.12 132.10 141.93 137.89 6.41 14.45 129.34
127.26 132.17 142.00 137.96 6.36 14.41 129.44
127.29 132.07 142.46 137.68 6.81 14.60 129.43
127.05 131.51 143.58 137.47 7.59 15.83 129.25
128.10 132.52 144.53 138.49 7.57 15.87 130.30
127.47 131.96 142.11 137.93 6.18 14.47 129.46
127.26 131.82 143.79 137.72 7.65 15.81 129.51
127.57 132.07 144.04 138.07 7.54 15.86 129.81
126.28 131.01 141.02 136.38 6.62 14.00 128.25
127.75 132.17 144.14 138.17 7.50 15.83 129.95
126.73 131.47 141.47 136.84 6.65 14.05 128.72
127.93 132.38 142.35 138.28 6.09 14.31 129.87
126.17 131.01 140.95 136.35 6.67 13.99 128.20
127.65 132.17 144.11 138.07 7.62 15.80 129.88
126.59 131.40 141.37 136.74 6.69 14.04 128.61
127.22 131.65 143.65 137.58 7.55 15.75 129.39
127.93 132.38 145.16 138.28 8.23 16.41 130.22
128.28 132.73 144.70 138.67 7.60 15.87 130.50
127.68 132.17 144.95 138.10 8.21 16.43 130.00
127.96 132.52 144.49 138.49 7.64 15.94 130.25
127.05 131.68 141.79 137.61 6.26 14.48 129.11
128.10 132.63 143.37 138.60 6.68 15.01 130.21
127.05 131.75 144.60 137.72 8.36 16.60 129.50
127.57 132.17 142.84 138.10 6.68 14.93 129.70
127.43 132.00 143.86 137.89 7.58 15.75 129.68
128.14 132.63 144.53 138.56 7.57 15.83 130.37
127.22 131.72 143.68 137.72 7.52 15.82 129.45
126.56 131.30 141.33 136.67 6.67 14.06 128.55
127.01 131.58 143.51 137.51 7.58 15.78 129.26
126.35 131.12 141.12 136.49 6.65 14.03 128.35
127.57 132.03 144.00 138.00 7.54 15.81 129.78
127.12 131.89 141.89 137.26 6.69 14.12 129.14
127.65 132.21 142.18 138.07 6.18 14.34 129.64
126.31 131.08 141.09 136.45 6.65 14.03 128.31
127.79 132.24 142.21 138.17 6.06 14.32 129.73
126.91 131.44 141.40 137.33 6.10 14.26 128.87
127.26 131.82 141.82 137.68 6.19 14.32 129.25
127.33 131.89 142.25 137.79 6.43 14.61 129.38
128.00 132.52 142.56 138.46 6.17 14.45 130.00
127.08 131.65 142.28 137.58 6.60 14.82 129.17
128.49 132.98 143.40 138.88 6.49 14.74 130.53
127.50 132.14 142.11 138.03 6.20 14.40 129.55
128.03 132.45 142.53 138.42 6.10 14.42 129.98
127.72 132.17 144.18 138.21 7.52 15.91 129.94
127.86 132.24 142.35 138.24 6.07 14.43 129.79
127.57 132.00 143.97 138.00 7.49 15.81 129.76
125.89 130.66 140.67 136.03 6.63 13.99 127.88
126.77 131.30 143.16 137.19 7.52 15.64 128.97
126.35 131.12 141.12 136.49 6.65 14.03 128.35
127.75 132.24 142.39 138.24 6.16 14.52 129.76
126.49 131.23 141.23 136.63 6.61 14.05 128.48
127.36 132.07 144.04 138.03 7.71 15.98 129.72
126.28 131.05 141.02 136.38 6.65 13.98 128.26
127.75 132.31 142.28 137.65 6.57 13.97 129.64
127.50 132.00 142.11 137.93 6.18 14.42 129.49
127.15 131.68 141.79 137.12 6.54 14.06 129.05
127.22 131.75 141.79 137.75 6.09 14.42 129.22
127.82 132.45 144.42 138.46 7.65 16.00 130.15
127.08 131.61 141.65 137.61 6.08 14.40 129.08
127.82 132.28 142.28 138.28 6.04 14.40 129.79
126.94 131.47 141.44 137.44 6.05 14.31 128.92
128.91 133.89 145.33 139.30 8.01 15.58 131.31
127.40 131.93 142.39 137.75 6.54 14.62 129.43
127.54 132.00 142.25 137.93 6.26 14.50 129.52
127.26 131.68 141.72 137.65 6.04 14.31 129.18
126.49 131.23 141.19 136.67 6.56 14.05 128.48
127.26 131.79 142.18 137.72 6.40 14.63 129.29
126.59 131.37 141.33 136.77 6.61 14.06 128.60
126.98 131.68 141.72 137.58 6.28 14.45 129.06
126.14 130.91 140.91 136.35 6.59 14.06 128.14
128.24 133.01 143.05 139.02 6.31 14.72 130.43
126.56 131.37 141.30 136.81 6.59 14.08 128.59
127.40 131.86 143.82 137.93 7.45 15.87 129.62
126.63 131.05 141.12 137.09 5.99 14.32 128.55
127.57 132.07 142.07 138.03 6.08 14.38 129.55
126.77 131.19 141.68 137.19 6.33 14.62 128.75
127.08 131.58 141.58 137.58 6.03 14.35 129.05
127.26 131.93 142.07 137.89 6.29 14.58 129.36
128.31 132.98 143.54 138.88 6.71 14.96 130.49
127.19 131.75 142.39 137.72 6.58 14.86 129.28
127.36 131.86 143.79 137.79 7.55 15.76 129.57
127.75 132.28 142.14 137.72 6.39 13.94 129.63
127.75 132.31 144.14 138.24 7.54 15.78 130.00
126.66 131.40 143.30 137.37 7.64 15.87 129.01
128.56 133.33 143.93 139.30 6.78 15.14 130.83
127.26 131.82 143.72 137.82 7.52 15.83 129.52
126.31 131.12 141.02 136.49 6.60 13.98 128.32
128.14 132.63 142.49 138.53 6.05 14.28 130.10
126.10 130.94 140.81 136.28 6.61 13.93 128.11
127.54 132.10 142.00 138.00 6.10 14.30 129.53
126.84 131.65 141.58 137.02 6.65 14.06 128.87
127.33 131.89 141.93 137.79 6.19 14.38 129.33
126.07 130.84 140.77 136.21 6.59 13.95 128.05
128.17 132.66 144.56 138.60 7.57 15.83 130.40
127.36 131.82 141.93 137.75 6.15 14.38 129.32
128.28 132.80 142.70 138.70 6.11 14.35 130.27
127.43 131.96 141.96 137.89 6.12 14.36 129.42
127.43 132.03 142.00 137.96 6.15 14.39 129.46
127.22 131.75 142.00 137.68 6.30 14.52 129.24
127.93 132.42 142.60 138.35 6.25 14.52 129.93
127.15 131.68 143.61 137.51 7.64 15.69 129.36
128.10 132.63 144.49 138.53 7.59 15.80 130.34
127.19 131.72 143.61 137.65 7.54 15.74 129.41
127.93 132.38 142.74 138.31 6.36 14.62 129.93
127.68 132.10 144.04 138.07 7.49 15.77 129.86
126.59 131.33 141.33 136.74 6.62 14.06 128.58
127.19 131.65 141.96 137.44 6.40 14.41 129.14
126.45 131.23 141.23 136.59 6.66 14.05 128.46
126.91 131.47 143.37 137.44 7.53 15.76 129.15
126.56 131.33 141.30 136.74 6.61 14.06 128.57
127.68 132.52 143.09 138.46 6.78 15.05 129.96
126.38 131.12 141.12 136.52 6.60 14.04 128.37
128.03 132.56 142.67 138.60 6.15 14.58 130.07
127.72 132.35 142.42 138.35 6.21 14.58 129.80
127.12 131.93 141.86 137.68 6.38 14.37 129.24
127.26 131.89 144.04 137.86 7.78 16.04 129.59
128.63 133.16 145.09 139.12 7.62 15.96 130.90
127.79 132.28 142.39 138.28 6.14 14.50 129.79
127.93 132.35 144.32 138.35 7.51 15.85 130.13
128.00 132.38 142.46 138.42 6.02 14.44 129.94
127.47 131.89 143.90 137.93 7.48 15.85 129.67
127.86 132.28 142.95 138.28 6.52 14.87 129.89
127.89 132.38 143.02 138.31 6.59 14.85 129.95
127.65 132.14 144.04 138.10 7.51 15.80 129.87
126.24 131.05 141.02 136.45 6.62 14.05 128.26
127.29 131.86 143.79 137.89 7.52 15.89 129.57
126.98 131.79 141.72 137.23 6.61 14.13 129.03
127.54 132.00 142.00 138.03 6.00 14.39 129.51
126.77 131.54 141.54 137.02 6.60 14.15 128.80
127.36 131.79 141.82 137.82 5.99 14.38 129.31
125.96 130.77 140.74 136.17 6.61 14.02 127.97
127.47 131.93 143.86 137.96 7.45 15.82 129.68
127.54 132.00 142.00 138.00 6.02 14.37 129.50
127.29 131.72 143.72 137.82 7.42 15.88 129.50
126.77 131.15 141.40 137.26 6.05 14.49 128.71
127.43 131.86 143.86 137.93 7.46 15.87 129.64
127.50 131.89 144.74 138.00 8.05 16.51 129.79
128.14 132.56 144.60 138.67 7.49 16.00 130.37
127.22 131.68 142.67 137.79 6.67 15.14 129.32
127.36 131.86 143.79 137.89 7.47 15.84 129.60
126.73 131.40 141.30 137.33 6.11 14.32 128.78
128.59 133.75 143.86 139.23 7.05 14.72 130.95
126.70 131.82 143.33 137.47 7.86 15.66 129.19
126.80 131.58 141.58 137.05 6.60 14.16 128.84
126.66 131.47 143.54 137.58 7.72 16.16 129.11
126.59 131.33 141.40 136.81 6.62 14.16 128.61
127.40 131.93 142.03 138.03 6.07 14.56 129.44
126.77 131.51 141.58 136.98 6.63 14.18 128.79
127.22 131.68 142.07 137.86 6.17 14.75 129.26
126.59 131.26 141.37 136.84 6.52 14.21 128.59
127.05 131.54 141.61 137.65 6.00 14.47 129.05
127.08 131.68 141.72 137.72 6.11 14.48 129.13
127.75 132.38 142.53 138.38 6.27 14.63 129.85
126.91 131.47 141.54 137.54 6.07 14.49 128.94
126.84 131.47 142.25 137.58 6.62 15.08 129.01
127.05 131.82 142.00 137.44 6.64 14.41 129.14
127.47 132.21 142.28 138.28 6.22 14.68 129.63
127.12 131.93 142.03 137.47 6.67 14.35 129.22
126.70 131.40 143.44 137.51 7.62 16.05 129.07
127.65 132.38 143.19 138.53 6.74 15.30 129.93
127.93 132.49 143.19 138.60 6.57 15.09 130.08
127.08 131.61 143.61 137.72 7.49 15.94 129.35
126.14 130.87 140.88 136.38 6.52 14.08 128.14
127.01 131.68 143.75 137.86 7.59 16.14 129.39
126.24 130.98 140.98 136.49 6.52 14.10 128.24
126.38 131.23 141.96 137.33 6.72 15.16 128.68
126.35 131.12 141.16 136.59 6.60 14.13 128.37
126.91 131.37 141.47 137.37 6.07 14.38 128.86
127.08 131.82 141.86 137.30 6.61 14.19 129.11
127.61 132.14 142.28 138.17 6.16 14.56 129.64
126.31 131.05 141.05 136.52 6.55 14.08 128.31
127.68 132.17 144.21 138.28 7.52 16.01 129.95
126.31 131.05 141.82 137.16 6.67 15.10 128.54
127.86 132.31 143.05 138.42 6.52 15.03 129.94
127.01 131.44 144.28 137.58 8.02 16.50 129.32
128.10 132.42 144.49 138.56 7.42 15.97 130.28
127.26 131.58 141.89 137.72 6.05 14.57 129.19
127.29 131.68 141.72 137.75 5.94 14.37 129.22
127.86 132.35 142.39 138.38 6.06 14.48 129.86
128.31 132.77 144.70 138.81 7.50 15.92 130.55
127.43 131.89 143.82 137.93 7.45 15.82 129.65
128.45 132.87 143.51 138.84 6.54 14.89 130.49
127.61 132.00 142.03 137.65 6.26 14.10 129.46
126.84 131.54 141.54 136.98 6.58 14.08 128.82
127.26 131.79 141.86 137.86 6.06 14.50 129.28
126.66 131.37 141.37 136.84 6.54 14.09 128.65
127.79 132.24 142.46 138.31 6.14 14.60 129.79
126.80 131.51 141.51 136.98 6.55 14.10 128.79
127.36 131.79 141.82 137.82 5.99 14.38 129.31
126.59 131.33 141.33 136.81 6.56 14.11 128.60
128.42 132.80 142.81 138.84 5.99 14.43 130.36
127.57 131.93 142.03 138.00 5.98 14.42 129.49
127.65 132.10 142.07 138.03 6.05 14.30 129.59
127.47 132.03 142.18 138.14 6.13 14.62 129.54
127.68 132.07 144.07 138.21 7.39 15.92 129.88
127.12 131.51 141.65 137.61 5.98 14.45 129.06
127.26 131.61 142.35 137.68 6.44 14.85 129.25
127.19 131.68 142.46 137.72 6.59 14.96 129.27
128.24 132.73 143.40 138.70 6.61 14.94 130.33
128.28 132.77 142.84 138.81 6.11 14.55 130.30
128.42 132.84 144.84 138.88 7.53 15.96 130.64
127.57 132.03 143.90 138.00 7.46 15.73 129.77
125.86 130.63 140.63 136.03 6.60 14.01 127.85
127.33 132.10 142.18 138.10 6.29 14.64 129.50
126.59 131.33 141.33 136.77 6.59 14.08 128.59
126.91 131.61 141.58 137.61 6.15 14.47 129.00
125.78 130.59 140.53 136.00 6.57 13.98 127.79
128.14 132.63 142.63 138.67 6.05 14.49 130.14
126.21 130.98 140.95 136.42 6.57 14.04 128.21
127.72 132.14 142.18 138.21 5.98 14.44 129.67
126.56 130.98 143.05 137.02 7.49 15.79 128.74
127.36 131.96 142.67 138.00 6.62 15.00 129.51
126.35 131.15 141.23 137.19 6.25 14.59 128.52
127.05 131.51 141.54 137.54 6.00 14.37 129.00
127.15 131.54 141.58 137.61 5.93 14.35 129.07
127.79 132.24 144.18 138.28 7.47 15.86 130.01
127.26 131.79 141.75 137.72 6.09 14.32 129.24
127.33 131.79 141.75 137.79 5.99 14.32 129.28
127.65 132.14 142.14 137.93 6.21 14.26 129.59
128.35 132.84 144.81 138.84 7.58 15.96 130.60
126.38 130.94 142.95 137.05 7.47 15.88 128.65
126.38 131.15 141.16 136.63 6.58 14.11 128.40
126.80 131.44 143.40 137.51 7.55 15.93 129.12
126.52 131.33 141.30 136.77 6.61 14.10 128.56
127.75 132.17 142.18 138.24 5.96 14.42 129.71
126.35 131.12 141.12 136.59 6.58 14.11 128.37
128.17 132.59 143.16 138.67 6.40 14.88 130.22
126.80 131.58 141.58 137.02 6.63 14.13 128.83
128.00 132.42 142.42 138.46 5.99 14.42 129.95
127.15 131.61 141.89 137.61 6.22 14.54 129.14
127.12 131.68 143.61 137.65 7.56 15.81 129.37
127.19 131.68 141.68 137.72 6.01 14.38 129.17
127.65 132.38 144.39 138.42 7.72 16.12 130.05
126.42 131.23 141.30 137.23 6.28 14.57 128.58
127.68 132.17 142.25 138.21 6.08 14.49 129.68
126.80 131.33 142.00 137.37 6.52 14.86 128.88
126.98 131.40 143.37 137.44 7.43 15.77 129.16
127.33 131.75 143.93 137.82 7.58 15.99 129.55
127.68 132.17 142.84 138.17 6.56 14.91 129.76
127.50 131.93 142.14 137.93 6.16 14.49 129.47
126.14 130.87 140.84 136.31 6.54 14.01 128.12
127.19 131.68 143.65 137.75 7.47 15.87 129.43
126.84 131.65 141.58 137.02 6.65 14.06 128.87
127.36 132.21 142.21 138.17 6.32 14.62 129.56
126.35 131.12 141.09 136.52 6.60 14.03 128.35
126.94 131.68 143.61 137.72 7.63 15.98 129.32
127.08 131.89 141.82 137.23 6.69 14.06 129.11
127.57 132.45 142.39 138.38 6.33 14.60 129.79
126.77 131.61 141.58 137.54 6.29 14.51 128.94
127.68 132.24 144.18 138.24 7.57 15.91 129.96
126.98 131.44 142.07 137.40 6.50 14.75 129.00
127.65 132.17 144.04 138.10 7.54 15.77 129.88
127.43 131.86 142.53 137.86 6.50 14.83 129.46
128.38 132.80 142.84 138.81 6.06 14.46 130.35
127.15 131.68 142.18 137.65 6.45 14.72 129.21
128.21 132.66 144.63 138.63 7.57 15.89 130.43
127.33 131.75 144.56 137.75 8.12 16.41 129.61
127.54 132.10 142.74 138.10 6.58 14.92 129.65
126.42 131.26 141.30 137.26 6.28 14.57 128.60
127.89 132.59 143.23 138.56 6.72 15.04 130.10
126.94 131.72 141.82 137.68 6.33 14.60 129.10
126.84 131.58 141.54 136.95 6.63 14.03 128.83
127.65 132.10 142.14 138.14 6.03 14.43 129.62
127.01 131.75 141.68 137.09 6.63 14.00 128.99
127.61 131.93 143.90 137.96 7.39 15.76 129.74
126.21 130.91 140.91 136.31 6.57 13.99 128.16
127.36 132.10 142.77 138.10 6.72 15.06 129.59
126.94 131.65 141.61 137.05 6.58 14.04 128.92
127.33 131.89 143.82 137.89 7.55 15.86 129.60
127.26 131.93 141.93 137.96 6.14 14.53 129.35
127.68 132.24 142.46 138.35 6.19 14.70 129.76
126.84 131.44 141.51 137.47 6.12 14.48 128.88
127.40 132.10 142.14 138.17 6.17 14.62 129.53
126.31 130.94 141.05 137.02 6.12 14.50 128.38
128.14 132.56 144.49 138.60 7.47 15.87 130.35
127.33 131.72 141.79 137.75 5.99 14.37 129.25
127.43 131.82 142.53 137.82 6.50 14.82 129.44
128.38 132.80 142.77 138.81 6.01 14.41 130.34
127.82 132.35 142.91 138.24 6.59 14.80 129.89
127.54 132.38 144.21 138.31 7.74 15.98 129.97
126.49 131.23 141.23 136.67 6.58 14.07 128.48
126.73 131.19 143.09 137.23 7.39 15.71 128.92
127.22 132.00 141.96 137.40 6.65 14.13 129.25
126.66 131.33 143.23 137.33 7.56 15.84 128.97
126.42 131.19 141.16 136.59 6.61 14.04 128.42
127.61 132.07 142.11 138.03 6.08 14.38 129.57
126.56 131.30 141.30 136.70 6.61 14.05 128.55
127.43 131.86 143.82 137.86 7.48 15.79 129.62
126.59 131.01 141.02 137.02 5.96 14.24 128.50
127.82 132.31 142.35 138.31 6.09 14.45 129.82
126.77 131.47 141.47 137.44 6.19 14.45 128.86
127.40 132.14 142.18 138.10 6.27 14.57 129.54
126.63 131.26 141.82 137.30 6.50 14.85 128.76
127.29 131.93 143.90 137.96 7.60 15.97 129.62
126.77 131.40 141.44 137.40 6.14 14.45 128.82
126.98 131.40 142.18 137.47 6.50 14.90 129.01
127.72 132.07 142.25 138.14 6.04 14.49 129.65
128.38 132.87 144.77 138.84 7.56 15.88 130.62
127.43 131.93 141.89 137.96 5.99 14.38 129.41
126.17 130.87 140.88 136.35 6.52 14.04 128.14
126.35 131.08 143.12 137.19 7.63 16.04 128.73
127.19 131.89 141.93 137.37 6.59 14.17 129.20
127.26 131.79 143.90 137.96 7.53 16.09 129.56
126.73 131.44 141.51 136.95 6.57 14.17 128.74
127.65 131.93 142.03 138.03 5.90 14.40 129.53
126.87 131.54 141.61 137.02 6.58 14.14 128.85
128.07 132.38 142.60 138.46 6.05 14.52 129.99
126.80 131.30 141.89 136.88 6.77 14.46 128.76
127.15 131.61 143.65 137.68 7.49 15.89 129.38
126.31 130.77 141.54 136.84 6.50 14.86 128.35
127.93 132.35 144.39 138.42 7.51 15.95 130.15
126.59 131.19 143.61 137.12 7.96 16.12 128.91
127.50 131.86 143.90 137.93 7.43 15.85 129.67
126.91 131.33 141.40 136.84 6.38 13.98 128.73
128.52 132.91 143.23 138.95 6.23 14.68 130.51
127.05 131.79 141.93 137.82 6.28 14.66 129.20
127.47 131.93 143.90 137.93 7.51 15.83 129.68
127.54 131.93 143.90 137.96 7.43 15.80 129.71
126.14 130.87 140.88 136.28 6.59 14.01 128.11
127.36 131.72 143.72 137.79 7.40 15.81 129.52
126.28 131.01 140.98 136.42 6.57 14.00 128.25
127.33 131.93 143.82 137.89 7.57 15.84 129.61
127.01 131.75 141.72 137.16 6.61 14.08 129.01
126.91 131.72 143.58 137.72 7.65 15.95 129.31
126.49 131.26 141.23 136.63 6.63 14.02 128.49
127.57 132.14 144.07 138.14 7.56 15.89 129.85
127.05 131.65 141.96 137.58 6.39 14.61 129.11
128.07 132.52 144.56 138.56 7.57 15.97 130.31
127.22 131.68 142.46 137.75 6.54 14.96 129.29
127.82 132.38 144.39 138.42 7.60 16.00 130.12
127.08 131.54 144.32 137.54 8.10 16.39 129.38
128.42 132.84 142.84 138.84 6.04 14.44 130.38
127.29 131.65 141.65 137.68 5.91 14.29 129.18
127.33 131.68 143.65 137.75 7.37 15.78 129.48
126.35 130.80 141.58 136.84 6.52 14.84 128.38
127.26 131.82 143.79 137.86 7.55 15.91 129.54
126.80 131.68 143.51 137.61 7.72 15.92 129.23
126.42 131.19 141.12 136.52 6.63 13.96 128.40
126.35 131.12 143.05 137.12 7.65 15.91 128.72
126.24 130.98 140.95 136.38 6.57 14.00 128.22
126.77 131.51 141.51 137.54 6.17 14.53 128.89
126.98 131.72 141.68 137.12 6.61 14.07 128.98
127.79 132.31 142.32 138.28 6.11 14.42 129.79
126.52 131.26 141.23 136.67 6.59 14.02 128.51
126.77 131.51 143.44 137.51 7.65 15.94 129.13
126.35 131.08 141.02 136.49 6.55 13.98 128.32
127.54 132.21 142.28 138.24 6.20 14.61 129.65
126.80 131.40 141.33 137.40 6.04 14.35 128.82
127.33 132.03 144.04 138.07 7.68 16.05 129.70
126.91 131.51 141.58 137.51 6.15 14.46 128.95
127.65 132.17 142.18 138.17 6.08 14.44 129.65
127.36 131.86 142.49 137.89 6.49 14.87 129.43
127.61 131.93 143.93 138.00 7.39 15.81 129.75
127.57 132.00 144.77 138.03 8.08 16.44 129.87
128.35 132.73 143.44 138.74 6.54 14.92 130.38
127.54 132.21 142.25 138.17 6.23 14.53 129.63
128.14 132.59 144.53 138.56 7.54 15.85 130.35
127.33 131.68 143.68 137.72 7.42 15.78 129.48
126.84 131.58 141.54 136.98 6.60 14.06 128.83
127.15 131.82 141.89 137.82 6.21 14.54 129.25
126.03 130.80 140.74 136.21 6.56 13.97 128.02
127.05 131.65 143.58 137.65 7.56 15.86 129.33
126.14 130.94 140.88 136.35 6.59 14.01 128.15
127.54 132.07 142.07 138.07 6.07 14.42 129.54
126.24 131.01 140.98 136.45 6.57 14.05 128.25
127.79 132.24 142.25 138.17 6.09 14.35 129.74
127.79 132.28 142.25 138.24 6.06 14.37 129.76
127.61 132.03 142.07 138.03 6.03 14.38 129.55
127.08 131.54 141.47 137.51 5.98 14.24 129.01
127.43 131.96 141.89 137.86 6.09 14.28 129.40
127.50 131.93 141.96 137.89 6.05 14.34 129.44
127.86 132.35 144.25 138.28 7.55 15.79 130.08
127.01 131.47 143.47 137.40 7.56 15.75 129.20
127.96 132.42 142.95 138.38 6.47 14.78 130.00
127.72 132.24 144.07 138.14 7.54 15.73 129.94
127.72 132.35 144.25 138.24 7.67 15.86 130.01
126.35 131.08 143.02 137.05 7.65 15.86 128.69
126.73 131.58 141.51 136.95 6.67 14.08 128.78
127.68 132.14 144.04 138.10 7.49 15.77 129.88
126.28 131.08 141.02 136.45 6.62 14.00 128.29
128.10 132.63 142.81 138.53 6.31 14.54 130.13
126.73 131.54 141.47 136.95 6.62 14.07 128.77
128.10 132.66 144.67 138.70 7.62 16.03 130.41
126.84 131.61 141.61 137.05 6.63 14.14 128.87
127.61 132.14 144.11 138.17 7.54 15.92 129.88
126.52 131.33 144.07 137.33 8.30 16.56 129.02
126.91 131.68 142.39 137.68 6.75 15.06 129.15
127.26 131.75 142.46 137.75 6.56 14.89 129.33
128.28 132.80 143.05 138.74 6.35 14.63 130.32
126.80 131.58 142.25 137.58 6.72 15.03 129.03
127.65 132.21 144.14 138.28 7.52 15.95 129.94
126.03 130.80 141.47 136.77 6.71 14.92 128.23
127.96 132.35 144.28 138.35 7.46 15.80 130.14
127.72 132.17 142.18 138.14 6.06 14.36 129.67
128.07 132.98 142.53 138.49 6.39 14.08 130.18
127.12 131.82 141.79 137.68 6.26 14.39 129.19
126.45 131.23 141.19 136.67 6.58 14.07 128.47
126.91 131.47 143.37 137.44 7.53 15.76 129.15
126.59 131.33 141.33 136.74 6.62 14.06 128.58
128.10 132.49 143.12 138.49 6.48 14.85 130.12
126.70 131.47 141.47 136.88 6.65 14.10 128.72
127.65 132.00 142.74 138.00 6.51 14.85 129.64
126.84 131.58 141.58 136.98 6.63 14.08 128.84
126.38 130.91 142.95 136.95 7.53 15.83 128.62
126.84 131.65 142.35 137.61 6.80 15.06 129.09
127.50 132.28 144.21 138.28 7.71 16.05 129.91
126.63 131.58 142.18 137.44 6.89 14.99 128.93
127.65 132.59 143.09 138.42 6.88 15.00 129.96
126.84 131.68 142.21 137.58 6.74 14.91 129.08
127.75 132.31 142.77 138.21 6.53 14.74 129.82
127.26 131.75 142.53 137.65 6.69 14.86 129.31
127.65 132.17 144.00 138.07 7.54 15.72 129.87
126.80 131.26 141.30 137.19 6.07 14.27 128.73
127.75 132.28 142.21 138.17 6.11 14.32 129.73
127.50 132.00 143.82 137.93 7.48 15.70 129.71
126.10 130.94 140.84 136.28 6.64 13.96 128.12
126.70 131.19 141.12 137.12 6.01 14.21 128.63
126.84 131.68 141.58 137.05 6.65 14.06 128.89
127.65 132.24 142.18 138.17 6.13 14.39 129.68
126.10 130.91 140.81 136.24 6.61 13.93 128.09
126.87 131.44 143.37 137.40 7.55 15.79 129.12
127.12 131.96 141.86 137.30 6.69 14.07 129.17
127.82 132.52 142.77 138.42 6.48 14.70 129.96
126.28 130.70 141.26 136.67 6.39 14.60 128.24
128.17 132.59 143.19 138.56 6.50 14.83 130.20
127.33 131.75 141.86 137.72 6.09 14.37 129.27
127.57 132.14 142.07 138.07 6.10 14.35 129.58
126.73 131.61 141.61 137.51 6.37 14.53 128.92
127.47 132.28 144.14 138.21 7.73 15.97 129.88
127.08 131.68 142.46 137.65 6.71 14.98 129.22
127.57 132.03 143.97 138.03 7.49 15.81 129.78
127.61 132.14 142.21 138.07 6.18 14.43 129.61
128.00 132.52 144.42 138.49 7.56 15.86 130.25
126.66 131.37 143.26 137.33 7.61 15.84 128.99
127.65 132.42 144.28 138.31 7.74 15.94 130.03
127.65 132.42 144.32 138.35 7.75 15.99 130.04
126.52 131.37 141.30 136.70 6.69 14.03 128.56
126.87 131.58 143.51 137.54 7.65 15.90 129.21
126.66 131.47 141.44 136.84 6.67 14.07 128.69
127.75 132.63 142.77 138.60 6.47 14.80 130.00
126.77 131.58 141.58 136.91 6.73 14.08 128.80
127.57 132.14 144.14 138.10 7.64 15.92 129.85
126.28 131.08 141.09 136.45 6.68 14.05 128.30
127.47 131.93 143.93 137.93 7.53 15.85 129.68
126.87 131.44 141.51 137.37 6.17 14.38 128.88
127.65 132.10 144.07 138.07 7.54 15.82 129.85
126.70 131.26 144.00 137.19 8.18 16.34 129.03
127.75 132.17 144.18 138.17 7.52 15.86 129.95
126.91 131.37 143.47 137.33 7.61 15.84 129.11
128.17 132.59 144.70 138.60 7.63 15.99 130.40
127.61 132.07 142.81 138.03 6.61 14.90 129.66
128.56 133.05 143.82 139.05 6.68 15.08 130.67
127.65 132.17 144.25 138.17 7.65 15.98 129.92
127.57 132.24 143.02 138.21 6.79 15.08 129.77
127.26 132.00 144.04 138.00 7.75 16.07 129.65
126.49 131.26 141.33 136.63 6.71 14.10 128.50
127.40 132.10 142.88 138.10 6.78 15.12 129.62
126.31 131.05 141.16 136.45 6.68 14.11 128.31
127.40 132.00 142.03 137.96 6.17 14.46 129.44
127.08 131.86 141.89 137.23 6.72 14.14 129.11
128.17 132.73 142.74 138.70 6.15 14.49 130.21
126.91 131.65 141.68 137.09 6.63 14.14 128.92
127.26 131.89 141.96 137.89 6.19 14.53 129.33
126.59 131.01 141.09 137.05 5.98 14.32 128.51
127.61 132.03 144.04 138.03 7.52 15.84 129.81
126.66 131.19 141.26 137.16 6.11 14.36 128.64
127.72 132.10 144.14 138.17 7.47 15.90 129.91
126.42 130.94 141.02 136.95 6.08 14.36 128.40
127.50 131.96 142.07 137.96 6.10 14.44 129.48
127.33 131.72 141.93 137.72 6.12 14.45 129.26
128.28 132.70 144.74 138.74 7.55 15.97 130.50
127.47 131.86 142.63 137.86 6.55 14.88 129.48
127.50 131.93 142.67 137.93 6.55 14.89 129.54
127.19 131.72 143.65 137.68 7.54 15.80 129.42
126.80 131.54 141.61 136.98 6.65 14.16 128.82
127.29 131.75 142.49 137.26 6.92 14.54 129.24
125.71 130.42 140.49 135.82 6.60 13.99 127.67
127.12 131.89 141.96 137.37 6.67 14.24 129.17
126.73 131.47 141.51 136.88 6.65 14.10 128.73
127.61 132.38 144.39 138.35 7.80 16.09 130.02
126.56 131.30 141.33 136.67 6.67 14.06 128.55
127.19 131.58 141.65 137.54 6.04 14.30 129.09
126.94 131.33 141.47 137.30 6.08 14.33 128.85
127.89 132.24 144.25 138.28 7.45 15.84 130.06
127.36 131.75 141.86 137.79 6.02 14.40 129.29
128.38 132.73 142.98 138.60 6.27 14.46 130.30
126.56 130.98 143.12 136.95 7.59 15.80 128.73
128.17 132.56 144.60 138.56 7.55 15.90 130.36
127.01 131.37 142.25 137.40 6.56 14.91 129.01
127.96 132.31 144.39 138.38 7.49 15.93 130.14
127.05 131.47 143.51 137.54 7.46 15.85 129.25
128.10 132.52 143.26 138.49 6.61 14.93 130.15
126.91 131.65 143.65 137.68 7.68 16.03 129.29
126.49 131.19 141.23 136.59 6.61 14.05 128.46
126.38 131.23 143.19 137.16 7.78 15.95 128.79
127.22 131.93 141.96 137.33 6.65 14.12 129.22
127.75 132.28 144.14 138.17 7.57 15.76 129.98
126.14 130.87 140.88 136.24 6.62 13.99 128.11
127.05 131.75 141.79 137.72 6.23 14.51 129.15
125.96 130.70 140.70 136.10 6.58 13.99 127.93
127.15 131.89 141.93 137.82 6.29 14.52 129.28
126.87 131.72 141.65 137.58 6.32 14.44 129.03
127.50 132.31 142.35 138.24 6.35 14.61 129.68
126.84 131.44 141.72 137.40 6.33 14.58 128.90
127.40 131.86 141.86 137.79 6.07 14.30 129.34
127.19 131.58 143.82 137.54 7.68 15.92 129.37
127.26 131.61 142.32 137.58 6.49 14.75 129.23
127.61 132.00 142.77 137.93 6.61 14.85 129.61
127.96 132.42 144.35 138.31 7.58 15.78 130.16
126.98 131.51 142.18 137.44 6.60 14.81 129.04
128.42 132.84 144.77 138.77 7.56 15.83 130.61
127.57 131.96 142.21 137.93 6.19 14.48 129.51
127.12 131.86 141.82 137.19 6.67 14.04 129.11
127.40 131.79 141.93 137.75 6.10 14.38 129.32
126.59 131.40 141.33 136.70 6.69 13.99 128.60
127.19 131.65 141.75 137.54 6.16 14.33 129.13
126.10 130.91 140.88 136.21 6.69 13.96 128.10
127.65 132.03 144.04 138.03 7.49 15.82 129.82
126.24 131.05 140.98 136.38 6.65 13.97 128.24
127.43 131.89 143.79 137.82 7.50 15.72 129.62
126.98 131.75 141.68 137.09 6.66 14.02 128.98
127.54 132.00 143.97 137.93 7.56 15.78 129.74
126.94 131.44 141.61 137.37 6.21 14.41 128.92
127.75 132.14 142.18 138.07 6.06 14.31 129.66
126.87 131.30 143.93 137.26 7.98 16.20 129.11
127.54 132.28 142.53 138.24 6.44 14.74 129.71
126.66 131.44 141.51 137.40 6.29 14.55 128.80
127.12 131.79 142.32 137.75 6.58 14.85 129.27
127.05 131.82 144.60 137.79 8.36 16.60 129.53
128.03 132.77 144.88 138.77 7.85 16.22 130.45
127.47 131.96 143.97 137.82 7.66 15.78 129.68
127.65 132.21 144.04 138.00 7.64 15.67 129.87
127.61 132.10 142.07 137.93 6.15 14.25 129.55
126.00 130.70 140.70 136.10 6.56 13.97 127.95
127.50 131.86 143.82 137.89 7.41 15.77 129.65
127.05 131.79 141.75 137.16 6.64 14.05 129.04
127.33 131.79 143.65 137.75 7.44 15.70 129.51
126.24 131.01 140.98 136.42 6.60 14.02 128.24
127.40 131.89 143.82 137.89 7.50 15.82 129.63
126.03 130.80 140.77 136.21 6.59 14.00 128.02
126.94 131.65 143.58 137.65 7.63 15.93 129.29
127.26 132.07 142.07 138.03 6.29 14.58 129.43
127.57 132.17 142.11 138.10 6.13 14.38 129.60
126.70 131.26 141.23 137.23 6.06 14.31 128.69
127.75 132.28 142.25 138.21 6.11 14.37 129.74
126.63 131.15 141.05 137.05 6.03 14.17 128.57
127.61 132.03 142.03 138.03 6.00 14.35 129.55
127.68 132.07 142.03 138.14 5.90 14.35 129.61
127.75 132.17 144.14 138.21 7.47 15.86 129.95
128.14 132.84 143.58 138.84 6.79 15.17 130.37
128.10 132.63 143.37 138.60 6.68 15.01 130.21
127.01 131.75 143.68 137.79 7.63 15.99 129.39
126.28 131.01 140.98 136.42 6.57 14.00 128.25
127.79 132.49 142.49 138.49 6.21 14.59 129.91
126.70 131.44 141.40 136.88 6.57 14.07 128.70
127.57 132.00 142.03 138.03 6.00 14.40 129.52
126.80 131.58 141.54 137.02 6.60 14.11 128.83
127.72 132.17 142.67 138.17 6.40 14.75 129.75
126.63 131.37 141.33 136.81 6.57 14.06 128.62
128.14 132.56 142.53 138.53 6.02 14.35 130.08
127.29 131.72 141.82 137.68 6.09 14.37 129.23
127.33 131.79 143.68 137.75 7.47 15.73 129.52
127.08 131.58 141.58 137.54 6.05 14.32 129.04
128.10 132.49 144.39 138.53 7.41 15.82 130.28
127.26 131.65 141.65 137.68 5.94 14.31 129.17
127.89 132.38 144.32 138.38 7.53 15.88 130.13
127.68 132.14 144.28 138.07 7.70 15.93 129.90
127.75 132.24 142.25 138.17 6.11 14.37 129.72
127.75 132.24 142.21 138.21 6.06 14.37 129.73
127.29 131.96 143.97 137.96 7.68 16.00 129.64
127.12 132.03 142.03 138.03 6.33 14.68 129.36
125.89 130.70 140.67 136.10 6.60 14.01 127.90
126.98 131.89 141.89 137.30 6.76 14.23 129.10
126.94 131.72 141.65 137.09 6.63 14.04 128.95
127.57 132.31 142.42 138.28 6.33 14.64 129.73
126.17 130.98 140.91 136.38 6.59 14.02 128.19
127.68 132.14 142.11 138.14 6.00 14.36 129.64
127.19 132.03 141.93 137.40 6.67 14.10 129.25
127.75 132.31 144.14 138.24 7.54 15.78 130.00
126.56 131.12 142.11 136.70 7.10 14.77 128.60
128.49 133.01 143.61 138.95 6.62 14.92 130.59
127.36 131.86 143.86 137.86 7.55 15.87 129.60
127.65 132.21 144.07 138.17 7.54 15.82 129.91
127.40 131.93 141.86 137.96 5.99 14.38 129.40
127.47 132.03 142.67 138.03 6.57 14.91 129.58
127.15 131.75 144.46 137.75 8.15 16.45 129.53
127.50 132.10 142.74 138.14 6.57 14.97 129.65
126.45 131.26 142.35 137.30 7.02 15.35 128.76
128.00 132.63 144.53 138.63 7.61 15.97 130.32
127.19 132.07 142.32 138.03 6.52 14.81 129.44
126.77 131.65 141.51 136.98 6.67 14.03 128.82
126.52 131.30 141.37 136.67 6.71 14.10 128.54
126.00 130.80 140.74 136.17 6.61 13.97 128.00
127.68 132.56 144.46 138.46 7.85 16.05 130.14
126.73 131.54 141.47 136.98 6.59 14.10 128.77
126.98 131.75 143.68 137.82 7.63 16.04 129.39
126.84 131.68 141.61 137.09 6.65 14.11 128.90
127.72 132.49 144.42 138.56 7.67 16.13 130.14
127.15 131.96 142.67 137.96 6.79 15.12 129.42
126.87 131.72 143.65 137.72 7.73 16.03 129.31
127.12 131.75 141.72 137.79 6.08 14.46 129.18
128.00 132.45 142.46 138.46 6.04 14.42 129.97
127.08 131.58 141.79 137.54 6.21 14.48 129.07
127.12 131.68 141.79 137.12 6.57 14.08 129.03
127.19 131.75 141.82 137.68 6.19 14.41 129.20
128.77 133.30 143.33 138.81 6.52 14.23 130.71
127.40 131.86 141.89 137.75 6.12 14.31 129.34
128.07 132.52 142.56 138.56 6.05 14.48 130.05
127.82 132.28 144.21 138.31 7.47 15.87 130.04
127.89 132.35 142.46 138.35 6.12 14.49 129.87
127.26 132.07 142.14 138.03 6.34 14.64 129.44
126.84 131.65 141.61 137.09 6.63 14.14 128.89
127.40 132.17 142.28 138.24 6.27 14.73 129.59
127.26 132.03 142.03 137.47 6.65 14.18 129.30
127.57 132.10 142.07 138.07 6.08 14.38 129.57
126.80 131.65 141.58 137.02 6.67 14.08 128.85
128.07 132.77 144.70 138.84 7.64 16.11 130.46
126.94 131.72 141.72 137.23 6.58 14.20 128.99
127.50 131.96 141.96 138.07 5.95 14.44 129.48
126.42 131.08 141.26 137.23 6.15 14.64 128.53
128.21 132.66 142.77 138.74 6.08 14.57 130.21
127.96 132.45 143.05 138.49 6.49 14.91 130.04
127.68 132.59 143.23 138.53 6.89 15.16 130.01
126.45 131.40 143.65 137.37 8.05 16.27 128.97
127.43 132.07 144.00 138.07 7.61 15.93 129.75
127.57 132.45 142.49 138.35 6.43 14.65 129.79
127.86 133.01 142.49 138.46 6.56 14.15 130.10
127.47 132.10 142.07 137.96 6.22 14.37 129.51
127.86 132.28 142.35 138.35 6.01 14.48 129.82
126.98 131.44 143.37 137.47 7.43 15.77 129.18
126.80 131.61 141.61 137.05 6.65 14.16 128.85
126.84 131.61 141.58 137.58 6.22 14.49 128.97
126.31 131.12 141.12 136.56 6.63 14.11 128.35
127.43 132.42 144.21 138.31 7.83 16.02 129.94
126.45 131.23 141.26 136.70 6.61 14.15 128.48
127.65 132.03 144.11 138.17 7.44 15.97 129.86
126.56 131.33 141.37 136.81 6.61 14.16 128.59
127.12 131.58 143.58 137.68 7.44 15.89 129.34
126.63 131.05 141.79 137.12 6.46 14.84 128.65
127.26 131.68 143.68 137.79 7.42 15.87 129.47
126.38 131.19 141.86 137.23 6.70 15.03 128.63
127.36 132.17 142.74 138.21 6.67 15.06 129.63
126.84 131.30 142.03 137.37 6.49 14.89 128.89
127.50 132.03 144.04 138.03 7.59 15.91 129.76
126.59 131.12 141.61 137.19 6.35 14.73 128.65
127.68 132.07 142.81 138.14 6.48 14.93 129.71
127.72 132.14 142.21 138.21 6.01 14.46 129.68
127.79 132.28 142.32 138.28 6.09 14.45 129.78
127.75 132.31 142.42 138.35 6.16 14.58 129.81
126.49 131.26 141.23 136.70 6.58 14.07 128.50
126.84 131.54 141.54 137.54 6.17 14.48 128.94
126.59 131.40 141.37 136.84 6.61 14.11 128.63
126.77 131.44 143.23 137.26 7.62 15.65 129.04
126.14 130.94 140.91 136.31 6.64 14.01 128.15
127.65 132.14 142.84 138.03 6.66 14.85 129.70
125.96 130.73 140.74 136.14 6.61 14.02 127.96
127.72 132.21 144.18 138.21 7.55 15.88 129.95
126.94 131.37 141.37 137.37 5.97 14.28 128.86
126.98 131.40 143.40 137.44 7.46 15.79 129.16
127.05 131.51 143.86 137.47 7.80 16.04 129.28
128.00 132.52 142.60 138.46 6.20 14.47 130.01
127.12 131.68 141.93 137.61 6.32 14.54 129.15
127.43 132.07 143.97 138.00 7.63 15.85 129.73
127.43 132.07 142.70 138.03 6.65 14.94 129.58
127.50 132.24 144.04 138.10 7.68 15.82 129.85
126.73 131.61 141.61 136.98 6.75 14.16 128.81
127.96 132.56 144.53 138.53 7.66 15.97 130.27
127.33 132.07 142.35 137.93 6.53 14.67 129.47
126.17 131.01 140.95 136.38 6.64 14.02 128.20
128.00 132.77 142.74 138.74 6.27 14.61 130.16
126.56 131.40 141.33 136.77 6.66 14.06 128.60
127.05 131.65 143.54 137.65 7.53 15.83 129.33
126.70 131.51 141.47 136.91 6.64 14.10 128.73
127.61 132.10 142.07 138.07 6.05 14.35 129.58
126.84 131.68 141.58 137.05 6.65 14.06 128.89
127.33 131.89 142.18 137.86 6.33 14.61 129.38
126.31 131.08 143.86 137.02 8.34 16.49 128.77
128.28 133.01 143.58 138.91 6.76 15.01 130.49
126.63 131.23 144.00 137.12 8.25 16.36 128.98
127.93 132.49 142.53 138.42 6.20 14.47 129.96
127.08 131.65 143.79 137.58 7.75 15.94 129.36
127.43 132.03 142.63 137.96 6.62 14.86 129.55
126.31 131.23 143.82 137.09 8.36 16.42 128.82
126.91 131.54 143.40 137.47 7.57 15.77 129.19
126.80 131.75 141.75 137.54 6.50 14.52 129.02
128.21 132.94 143.37 138.81 6.68 14.87 130.40
127.82 132.66 144.53 138.56 7.81 16.01 130.25
126.80 131.65 141.51 136.95 6.67 13.98 128.83
126.70 131.58 141.51 137.44 6.34 14.45 128.87
126.59 131.40 141.33 136.70 6.69 13.99 128.60
127.57 132.31 144.14 138.17 7.71 15.85 129.92
126.42 131.26 141.12 136.56 6.65 13.94 128.43
127.57 132.14 143.97 138.03 7.56 15.74 129.82
126.56 131.40 141.30 136.67 6.71 13.96 128.57
127.79 132.24 142.21 138.14 6.09 14.29 129.73
126.66 131.54 141.40 136.77 6.74 13.94 128.69
127.86 132.42 142.28 138.24 6.14 14.25 129.84
127.05 131.58 141.79 137.44 6.31 14.43 129.04
128.00 132.56 142.42 138.38 6.14 14.27 129.98
126.73 131.30 141.30 137.23 6.11 14.31 128.72
128.03 132.63 144.60 138.53 7.72 15.92 130.33
128.17 132.80 143.33 138.56 6.76 14.79 130.28
127.93 132.73 142.42 138.35 6.34 14.17 130.01
127.89 132.49 142.42 138.38 6.17 14.39 129.92
127.72 132.38 144.18 138.21 7.67 15.76 130.01
126.49 131.44 141.40 137.33 6.38 14.53 128.71
127.79 132.45 143.09 138.31 6.77 14.93 129.95
127.57 132.49 143.12 138.31 6.96 15.07 129.88
126.56 131.47 141.37 136.70 6.79 13.99 128.61
127.40 132.35 144.14 138.17 7.86 15.94 129.87
126.63 131.54 141.47 136.84 6.77 14.07 128.70
127.86 132.70 142.70 138.53 6.45 14.58 130.04
126.45 131.40 141.30 136.70 6.76 14.05 128.54
127.05 131.72 143.54 137.47 7.71 15.66 129.31
127.19 132.14 142.03 137.37 6.85 14.08 129.29
127.47 132.00 143.93 137.93 7.58 15.80 129.71
126.63 131.19 141.93 137.05 6.71 14.80 128.70
128.14 132.80 144.74 138.67 7.77 15.94 130.47
127.05 131.96 142.74 137.82 7.01 15.14 129.36
126.70 131.47 143.37 137.30 7.77 15.80 129.04
127.08 131.75 142.46 137.65 6.76 14.93 129.24
128.17 132.80 142.77 138.63 6.28 14.42 130.22
126.94 131.58 141.72 137.47 6.31 14.47 129.00
128.00 132.49 143.26 138.46 6.68 14.99 130.09
127.75 132.28 144.28 138.21 7.65 15.89 130.00
127.82 132.35 143.12 138.28 6.72 14.98 129.92
127.57 132.03 144.07 138.03 7.57 15.89 129.80
126.80 131.68 141.68 136.98 6.80 14.11 128.87
127.68 132.21 142.49 137.54 6.78 14.17 129.59
126.87 131.75 141.75 137.09 6.78 14.14 128.95
127.40 132.00 142.46 137.96 6.49 14.78 129.50
127.36 132.21 142.21 137.58 6.76 14.19 129.44
127.33 131.82 142.11 137.82 6.25 14.58 129.34
125.96 130.80 140.81 136.17 6.68 14.05 127.99
127.79 132.56 144.56 138.56 7.78 16.14 130.21
126.56 131.40 141.75 137.37 6.54 14.79 128.78
127.15 131.79 143.75 137.75 7.64 15.90 129.46
127.26 131.82 142.63 137.82 6.69 15.02 129.39
128.24 132.87 142.98 138.81 6.31 14.61 130.34
126.80 131.65 141.93 137.61 6.50 14.77 129.02
128.00 133.12 144.84 138.91 7.99 16.07 130.58
126.49 131.54 141.47 137.44 6.43 14.59 128.77
127.50 132.42 144.39 138.42 7.84 16.19 130.01
127.54 132.49 142.60 138.49 6.46 14.83 129.83
127.36 132.28 142.32 138.28 6.37 14.73 129.62
126.49 131.44 143.40 137.40 7.84 16.07 128.98
125.82 130.70 140.67 136.07 6.68 14.03 127.87
127.26 131.89 141.93 137.51 6.45 14.22 129.25
126.56 131.40 141.40 136.81 6.69 14.13 128.62
127.01 131.93 143.90 137.93 7.81 16.13 129.50
126.35 131.19 141.19 136.59 6.68 14.11 128.40
127.22 132.00 142.77 138.07 6.77 15.20 129.50
126.17 130.98 141.05 136.42 6.67 14.14 128.21
127.68 132.14 142.49 138.14 6.29 14.64 129.69
126.77 131.37 143.51 137.33 7.73 15.96 129.06
127.15 132.00 143.97 138.00 7.77 16.09 129.60
126.28 131.15 141.16 137.16 6.27 14.56 128.47
127.82 132.56 144.39 138.49 7.68 15.93 130.19
127.36 131.86 141.96 137.93 6.07 14.51 129.37
127.43 132.00 142.67 138.00 6.60 14.93 129.55
127.08 131.68 144.49 137.75 8.18 16.57 129.48
127.72 132.42 144.39 138.46 7.67 16.07 130.10
126.91 131.54 142.21 137.54 6.62 14.93 129.05
128.00 132.45 144.39 138.56 7.43 15.94 130.24
126.87 131.33 143.26 137.37 7.42 15.75 129.07
126.38 131.23 141.19 136.67 6.63 14.12 128.44
127.26 132.03 143.72 137.75 7.72 15.63 129.57
127.12 132.00 141.93 137.33 6.74 14.12 129.20
127.40 132.45 143.86 137.93 7.90 15.48 129.82
126.31 131.12 141.12 136.56 6.63 14.11 128.35
127.19 131.68 141.75 137.68 6.09 14.41 129.17
125.86 130.66 140.67 136.10 6.60 14.06 127.88
127.29 132.14 142.14 138.21 6.24 14.69 129.51
126.73 131.40 141.40 137.37 6.16 14.42 128.80
127.50 131.96 142.63 138.00 6.50 14.89 129.56
127.40 132.00 142.74 138.07 6.62 15.06 129.56
126.94 131.75 143.75 137.82 7.71 16.11 129.38
126.94 131.89 142.00 137.89 6.43 14.76 129.22
127.33 131.96 143.86 137.96 7.57 15.89 129.64
127.19 131.68 142.21 137.68 6.43 14.75 129.23
127.26 131.72 142.42 137.75 6.51 14.88 129.31
127.65 132.07 144.42 138.10 7.76 16.13 129.89
128.00 132.49 142.67 138.49 6.20 14.58 130.02
127.79 132.21 142.28 138.24 6.04 14.45 129.74
127.86 132.28 144.28 138.38 7.45 15.94 130.08
127.29 131.82 143.68 137.79 7.49 15.76 129.52
126.84 131.68 141.61 137.05 6.68 14.09 128.89
127.08 131.58 143.54 137.61 7.49 15.83 129.31
126.98 131.79 141.75 137.19 6.66 14.13 129.02
127.54 131.96 143.97 138.03 7.46 15.88 129.75
126.49 131.30 141.26 136.70 6.63 14.07 128.52
127.65 132.49 143.12 138.46 6.81 15.12 129.94
126.91 131.75 141.68 137.12 6.68 14.10 128.96
127.26 131.96 142.00 137.96 6.21 14.55 129.37
126.35 131.08 141.12 137.12 6.17 14.51 128.46
127.01 131.79 141.93 137.79 6.33 14.66 129.18
127.33 131.93 141.82 137.86 6.09 14.33 129.34
127.33 131.96 141.93 137.96 6.11 14.46 129.39
126.91 131.75 144.46 137.68 8.37 16.56 129.42
128.17 132.73 144.70 138.67 7.67 15.94 130.45
127.05 131.51 144.21 137.47 8.07 16.30 129.33
127.12 131.65 143.54 137.58 7.54 15.74 129.34
127.72 132.24 142.25 138.24 6.08 14.44 129.73
127.82 132.24 144.32 138.31 7.53 15.97 130.04
127.93 132.38 143.02 138.38 6.52 14.88 129.98
125.89 130.73 140.67 136.07 6.65 13.96 127.91
127.96 132.49 144.39 138.46 7.56 15.86 130.21
126.63 131.44 141.37 136.81 6.64 14.04 128.65
127.22 131.65 141.68 137.68 5.99 14.36 129.16
126.17 130.98 140.91 136.35 6.62 13.99 128.18
127.61 132.17 142.63 138.10 6.50 14.75 129.69
126.31 131.08 141.05 136.49 6.60 14.03 128.31
127.15 131.96 143.86 137.93 7.72 15.98 129.56
126.84 131.68 141.72 137.68 6.30 14.62 129.03
126.98 131.75 141.79 137.75 6.25 14.58 129.13
127.05 131.51 143.61 137.47 7.62 15.86 129.26
128.03 132.52 142.53 138.46 6.12 14.40 130.01
126.91 131.33 141.68 137.30 6.26 14.51 128.86
127.57 132.07 143.97 138.00 7.54 15.76 129.79
127.61 132.07 142.77 138.03 6.58 14.87 129.66
127.68 132.10 144.07 138.10 7.49 15.82 129.87
127.75 132.21 142.18 138.14 6.06 14.32 129.70
128.14 132.63 143.26 138.56 6.61 14.88 130.21
128.03 132.66 142.77 138.60 6.30 14.59 130.12
126.80 131.61 141.58 136.98 6.68 14.08 128.84
127.12 131.54 143.47 137.54 7.44 15.73 129.29
126.31 131.12 141.05 136.45 6.65 13.98 128.32
127.19 131.68 143.58 137.61 7.51 15.72 129.39
126.73 131.58 141.51 136.91 6.70 14.05 128.77
128.24 132.73 142.74 138.21 6.47 14.09 130.14
126.84 131.65 141.65 136.98 6.73 14.09 128.87
127.96 132.52 142.56 137.93 6.58 14.09 129.88
127.15 131.72 141.61 137.58 6.11 14.23 129.13
127.19 131.75 143.65 137.65 7.59 15.75 129.43
127.65 132.10 142.84 138.03 6.64 14.88 129.69
127.43 131.86 142.46 137.37 6.80 14.42 129.35
126.87 131.37 143.40 137.26 7.63 15.76 129.07
127.54 132.03 143.97 137.96 7.56 15.78 129.76
127.65 132.10 142.35 138.00 6.29 14.49 129.62
127.96 132.45 142.49 138.35 6.17 14.39 129.94
127.40 131.96 141.86 137.82 6.12 14.26 129.38
128.10 132.59 144.49 138.53 7.57 15.82 130.33
127.54 132.00 144.00 137.96 7.56 15.83 129.75
126.45 131.30 141.26 136.63 6.71 14.05 128.49
126.63 131.30 143.16 137.19 7.61 15.74 128.91
127.19 132.03 141.96 137.37 6.72 14.10 129.24
126.87 131.47 141.40 137.30 6.17 14.23 128.86
126.38 131.26 141.16 136.56 6.70 13.99 128.42
127.33 131.82 143.72 137.75 7.52 15.73 129.53
125.93 130.77 140.74 136.10 6.68 13.99 127.95
127.75 132.24 142.81 137.75 6.84 14.48 129.71
126.59 131.08 141.05 136.52 6.39 13.87 128.42
127.47 132.03 143.97 138.00 7.58 15.86 129.74
126.45 131.15 141.16 137.12 6.18 14.42 128.53
127.40 132.14 142.18 138.10 6.27 14.57 129.54
127.47 132.24 142.95 138.17 6.83 15.08 129.71
127.72 132.35 144.32 138.24 7.73 15.92 130.02
127.33 132.03 142.77 138.00 6.77 15.06 129.53
127.86 132.45 143.05 138.35 6.67 14.88 129.97
126.70 131.33 141.26 137.19 6.16 14.26 128.71
127.12 131.68 143.58 137.58 7.59 15.74 129.36
126.84 131.47 143.37 137.37 7.62 15.76 129.11
126.45 131.37 141.26 136.63 6.76 14.00 128.51
127.36 131.93 141.89 137.75 6.19 14.28 129.35
126.59 131.47 141.40 136.77 6.74 14.04 128.65
127.75 132.28 144.21 138.21 7.60 15.84 129.99
126.10 130.98 140.88 136.28 6.69 13.96 128.13
127.26 131.93 143.65 137.72 7.62 15.63 129.53
125.93 130.80 140.70 136.07 6.71 13.92 127.95
127.43 131.96 141.89 137.82 6.12 14.26 129.40
126.63 131.51 141.44 136.81 6.74 14.04 128.68
127.26 131.75 141.75 137.65 6.11 14.29 129.21
127.33 131.86 142.46 137.72 6.62 14.74 129.38
127.36 131.93 142.03 137.75 6.30 14.38 129.37
127.19 131.72 142.32 137.54 6.63 14.70 129.23
127.22 131.75 143.61 137.61 7.57 15.67 129.43
128.17 132.66 142.60 138.60 6.08 14.36 130.15
127.65 132.14 142.18 138.03 6.16 14.36 129.61
127.01 131.58 141.79 137.51 6.29 14.50 129.04
127.05 131.86 143.54 137.58 7.73 15.64 129.38
126.42 131.15 143.05 137.02 7.70 15.77 128.74
128.17 132.70 144.67 138.63 7.65 15.91 130.43
127.22 131.79 143.72 137.75 7.57 15.83 129.48
126.56 131.37 141.33 136.70 6.69 14.03 128.57
126.80 131.61 141.72 137.58 6.35 14.61 128.98
126.38 131.23 141.16 136.52 6.70 13.99 128.41
126.98 131.44 143.37 137.40 7.48 15.72 129.16
126.24 131.05 141.02 136.38 6.67 14.00 128.25
127.75 132.28 144.18 138.17 7.60 15.78 129.98
126.35 131.19 141.12 136.56 6.65 14.04 128.38
127.86 132.38 144.28 138.28 7.60 15.80 130.09
126.66 131.23 141.19 137.12 6.11 14.26 128.64
128.31 132.77 142.81 138.70 6.14 14.43 130.28
127.47 131.93 141.89 137.86 6.05 14.29 129.41
127.54 131.96 143.90 137.93 7.48 15.75 129.72
127.54 132.10 142.11 138.00 6.18 14.38 129.55
127.47 132.14 142.07 138.03 6.20 14.40 129.53
127.26 132.14 142.14 138.10 6.34 14.64 129.48
127.65 132.24 142.25 138.17 6.18 14.44 129.68
127.12 132.00 142.00 137.86 6.41 14.55 129.31
127.86 132.66 144.60 138.63 7.78 16.09 130.29
127.01 131.86 143.75 137.79 7.76 15.97 129.43
126.00 130.77 140.77 136.14 6.64 14.00 127.98
127.12 131.96 143.86 137.89 7.77 15.98 129.54
127.05 131.79 141.79 137.19 6.64 14.11 129.05
127.79 132.66 144.63 138.63 7.86 16.17 130.27
126.84 131.61 141.61 137.05 6.63 14.14 128.87
127.26 132.17 142.18 138.14 6.37 14.67 129.50
127.29 132.07 142.03 137.44 6.67 14.11 129.32
128.00 132.87 142.91 138.88 6.38 14.77 130.25
127.86 132.63 142.67 138.63 6.29 14.67 130.04
128.14 132.73 142.74 138.70 6.18 14.52 130.20
127.43 131.89 141.93 137.86 6.07 14.36 129.39
127.22 131.68 141.68 137.65 6.04 14.31 129.17
127.29 131.72 141.86 137.72 6.09 14.42 129.24
127.65 132.07 142.11 138.07 6.03 14.38 129.59
126.77 131.23 141.26 137.23 6.02 14.31 128.71
128.03 132.98 144.53 138.49 7.94 15.60 130.42
127.47 132.00 143.93 137.96 7.56 15.83 129.71
127.54 132.07 144.00 138.03 7.56 15.84 129.79
127.50 132.03 142.14 138.07 6.13 14.52 129.53
127.12 131.93 141.96 137.33 6.72 14.19 129.18
127.26 131.82 141.93 137.86 6.14 14.52 129.30
126.03 130.77 140.84 136.24 6.59 14.10 128.03
127.54 131.93 142.07 138.00 6.03 14.47 129.49
126.73 131.51 141.58 136.95 6.67 14.18 128.77
127.05 131.79 141.86 137.82 6.23 14.61 129.19
125.96 130.73 140.77 136.21 6.58 14.09 127.98
127.43 131.86 142.18 137.96 6.15 14.64 129.43
128.07 132.49 142.74 138.67 6.08 14.71 130.09
127.89 132.24 144.46 138.38 7.54 16.08 130.10
127.08 131.51 144.39 137.58 8.10 16.49 129.38
127.12 131.82 143.61 137.65 7.66 15.72 129.42
128.10 132.52 142.67 138.60 6.08 14.56 130.09
128.17 132.56 142.77 138.67 6.08 14.62 130.15
126.91 131.44 143.75 136.95 8.15 15.73 129.09
127.93 132.59 142.70 138.46 6.38 14.55 130.02
127.65 132.42 143.26 138.49 6.84 15.30 129.94
127.79 132.17 144.25 138.31 7.45 15.99 130.00
127.40 131.93 144.00 138.07 7.53 16.05 129.69
126.21 130.91 141.02 136.42 6.57 14.14 128.20
127.33 132.10 144.18 138.21 7.73 16.21 129.77
126.94 131.68 141.79 137.23 6.61 14.27 128.99
127.40 132.00 142.03 138.00 6.15 14.49 129.45
126.14 130.87 140.95 136.35 6.59 14.11 128.14
127.36 131.68 143.75 137.82 7.38 15.88 129.52
126.87 131.58 141.72 137.09 6.63 14.24 128.89
128.10 132.45 142.56 138.53 6.00 14.48 130.04
126.84 131.40 141.37 137.37 6.07 14.32 128.83
127.15 131.65 141.72 137.23 6.39 14.11 129.05
126.98 131.40 141.47 137.51 5.95 14.41 128.93
127.93 132.42 142.56 138.49 6.12 14.59 129.95
127.15 131.54 142.39 137.65 6.51 14.97 129.19
127.75 132.24 144.28 138.31 7.55 15.99 130.01
126.94 131.72 143.86 137.79 7.79 16.19 129.37
126.94 131.79 143.75 137.86 7.71 16.11 129.40
127.65 132.45 142.49 138.49 6.28 14.70 129.85
127.33 132.00 143.93 137.96 7.65 15.92 129.66
127.47 132.00 142.00 138.00 6.07 14.42 129.47
127.54 132.03 142.74 138.07 6.55 14.94 129.62
127.22 132.14 142.18 138.10 6.39 14.69 129.47
126.56 131.33 141.30 136.77 6.59 14.08 128.57
127.08 131.61 143.51 137.61 7.48 15.78 129.32
126.66 131.47 141.44 136.88 6.64 14.09 128.70
127.26 131.75 143.65 137.75 7.47 15.78 129.48
126.49 131.30 141.30 136.77 6.61 14.15 128.54
127.08 131.58 143.47 137.58 7.46 15.75 129.30
127.22 132.03 142.00 137.47 6.65 14.18 129.28
128.03 132.66 143.16 138.63 6.57 14.90 130.18
126.59 131.47 141.44 137.47 6.26 14.57 128.79
127.50 132.42 142.35 138.42 6.30 14.67 129.75
127.12 131.86 141.82 137.93 6.13 14.57 129.26
126.77 131.33 141.30 137.37 6.01 14.37 128.77
126.87 131.33 141.30 137.40 5.92 14.32 128.82
127.57 132.03 143.97 138.10 7.43 15.86 129.80
127.57 132.35 143.09 138.42 6.76 15.22 129.85
127.57 132.45 143.19 138.49 6.86 15.27 129.91
126.73 131.58 143.58 137.65 7.72 16.12 129.19
127.43 132.07 144.00 138.07 7.61 15.93 129.75
126.66 131.44 142.18 137.47 6.74 15.09 128.91
125.61 130.38 140.39 135.82 6.57 14.01 127.60
127.29 132.14 142.18 138.24 6.24 14.74 129.52
126.07 130.80 140.81 136.24 6.56 14.03 128.05
127.57 132.00 141.96 138.00 5.97 14.32 129.51
126.17 130.94 140.95 136.35 6.62 14.04 128.17
127.22 132.10 144.11 138.14 7.80 16.18 129.71
126.91 131.65 141.65 137.12 6.58 14.14 128.92
128.03 132.52 143.19 138.56 6.55 14.97 130.12
127.26 131.68 142.39 137.68 6.51 14.83 129.28
128.17 132.66 143.09 138.63 6.42 14.75 130.22
127.22 131.82 142.53 137.82 6.64 14.96 129.36
127.65 132.52 142.70 138.49 6.49 14.81 129.90
127.40 132.24 142.63 138.24 6.59 14.94 129.66
127.89 132.77 142.74 138.63 6.42 14.61 130.10
126.84 131.54 142.21 137.47 6.72 14.93 129.01
127.54 132.14 144.18 138.17 7.64 16.02 129.86
126.80 131.54 142.25 137.61 6.67 15.08 129.03
127.12 131.65 142.35 137.68 6.56 14.92 129.21
127.15 131.68 142.46 137.75 6.59 15.00 129.26
126.49 131.30 141.30 136.70 6.66 14.10 128.52
127.68 132.14 142.18 138.17 6.03 14.44 129.65
126.00 130.80 140.77 136.24 6.58 14.05 128.02
127.40 131.96 142.14 137.96 6.23 14.57 129.45
126.70 131.54 141.51 136.98 6.64 14.15 128.76
126.87 131.47 143.47 137.54 7.55 15.94 129.17
126.56 131.40 141.33 136.81 6.64 14.08 128.61
126.80 131.33 143.26 137.33 7.49 15.78 129.03
127.22 131.72 141.65 137.68 6.01 14.29 129.18
127.89 132.35 143.02 138.35 6.54 14.90 129.95
126.77 131.51 142.21 137.51 6.72 15.02 128.98
127.75 132.49 144.49 138.49 7.76 16.10 130.15
126.77 131.68 143.75 137.65 7.91 16.15 129.25
126.98 131.72 143.68 137.72 7.68 15.99 129.35
127.40 132.07 142.03 138.03 6.17 14.47 129.48
127.65 132.21 144.14 138.14 7.62 15.85 129.91
127.72 132.24 144.18 138.21 7.57 15.86 129.97
127.15 131.75 142.32 137.65 6.61 14.78 129.25
126.94 131.44 141.44 137.40 6.05 14.31 128.90
126.49 131.33 141.26 136.70 6.66 14.05 128.53
126.77 131.26 143.12 137.26 7.41 15.69 128.97
126.59 131.44 141.37 136.81 6.66 14.06 128.64
127.72 132.28 142.32 137.65 6.60 14.04 129.62
126.70 131.58 141.47 136.88 6.72 14.02 128.75
127.05 131.79 143.68 137.75 7.66 15.92 129.41
126.21 131.05 140.98 136.42 6.64 14.02 128.24
126.77 131.33 143.19 137.30 7.49 15.72 129.00
127.43 132.07 141.93 137.93 6.14 14.29 129.46
126.91 131.72 143.61 137.72 7.68 15.98 129.32
126.35 131.23 141.86 137.16 6.80 14.98 128.61
127.08 131.86 143.79 137.82 7.71 15.97 129.47
127.72 132.24 142.98 138.21 6.66 14.96 129.82
128.73 133.19 145.16 139.19 7.58 15.97 130.98
128.21 132.70 142.74 138.63 6.16 14.44 130.20
128.45 133.09 143.68 139.02 6.70 15.00 130.62
127.08 131.89 144.60 137.82 8.36 16.56 129.58
127.33 131.96 143.93 137.93 7.65 15.92 129.64
127.50 132.03 142.67 137.96 6.60 14.84 129.58
126.14 130.94 140.91 136.35 6.62 14.04 128.16
127.01 131.82 141.86 137.82 6.28 14.61 129.19
126.56 131.40 141.33 136.81 6.64 14.08 128.61
127.75 132.56 143.19 138.53 6.79 15.11 130.02
126.07 130.87 140.88 136.28 6.64 14.06 128.09
127.61 132.07 142.11 138.03 6.08 14.38 129.57
126.84 131.65 141.61 137.05 6.65 14.11 128.88
127.12 131.54 143.58 137.54 7.52 15.81 129.30
126.66 131.47 141.47 136.84 6.69 14.09 128.70
127.22 131.72 141.79 137.72 6.09 14.41 129.21
127.57 132.03 142.77 138.07 6.56 14.95 129.64
127.65 132.14 142.14 138.14 6.05 14.41 129.63
126.73 131.30 141.30 137.30 6.06 14.36 128.74
127.75 132.31 144.28 138.24 7.65 15.89 130.02
127.12 131.75 141.72 137.72 6.13 14.41 129.17
127.54 132.03 144.11 138.07 7.59 15.96 129.79
127.57 132.07 142.84 138.10 6.61 15.00 129.67
127.68 132.17 142.91 138.17 6.61 14.96 129.76
126.73 131.40 141.51 137.30 6.29 14.45 128.80
128.14 132.66 143.37 138.63 6.66 14.99 130.25
127.01 131.79 143.72 137.75 7.71 15.97 129.40
126.52 131.33 141.37 136.77 6.66 14.16 128.57
127.05 131.96 142.07 137.89 6.46 14.70 129.29
126.63 131.44 141.47 136.84 6.69 14.14 128.67
128.00 132.59 142.67 138.63 6.17 14.60 130.08
126.17 130.94 140.98 136.38 6.62 14.09 128.19
127.65 132.10 142.18 138.14 6.06 14.46 129.62
126.59 131.37 141.40 136.77 6.67 14.11 128.61
127.65 132.24 142.53 138.24 6.34 14.70 129.74
126.87 131.37 144.00 137.40 7.98 16.31 129.17
127.47 132.07 142.25 138.03 6.28 14.58 129.53
127.65 132.21 142.84 138.14 6.63 14.88 129.75
127.36 131.93 143.86 137.93 7.55 15.87 129.63
126.84 131.37 141.44 137.37 6.10 14.40 128.83
126.63 131.08 143.09 137.16 7.44 15.80 128.83
127.33 131.79 141.79 137.72 6.07 14.30 129.27
127.36 131.89 142.53 137.86 6.57 14.85 129.44
127.12 131.61 141.65 137.61 6.06 14.38 129.09
127.89 132.24 144.28 138.31 7.46 15.90 130.07
127.93 132.31 142.88 138.35 6.39 14.80 129.93
126.56 131.26 141.26 136.70 6.56 14.05 128.53
126.80 131.58 142.21 137.54 6.72 14.98 129.02
126.35 131.08 141.09 136.52 6.58 14.06 128.34
126.91 131.33 141.61 137.33 6.18 14.48 128.86
126.49 131.23 141.19 136.63 6.58 14.02 128.47
127.01 131.82 141.79 137.79 6.25 14.53 129.17
126.94 131.68 141.65 137.05 6.63 14.04 128.93
127.54 131.93 141.93 137.89 6.00 14.29 129.44
127.33 131.65 142.49 137.68 6.52 14.89 129.31
127.96 132.31 142.88 138.31 6.39 14.75 129.94
127.08 131.51 142.18 136.88 6.94 14.34 128.97
127.12 131.61 143.51 137.54 7.51 15.71 129.32
126.56 131.01 141.02 136.98 6.01 14.24 128.48
127.86 132.35 142.32 138.24 6.11 14.33 129.82
127.61 132.21 144.81 138.00 8.25 16.28 129.94
127.96 132.52 143.09 138.38 6.65 14.81 130.05
127.72 132.21 142.25 138.14 6.14 14.39 129.69
127.79 132.24 144.18 138.24 7.50 15.84 130.00
126.66 131.12 141.16 137.16 5.99 14.33 128.61
127.08 131.89 141.89 137.33 6.66 14.19 129.14
127.89 132.52 142.56 138.42 6.27 14.49 129.96
126.59 131.40 141.40 136.81 6.67 14.11 128.63
127.29 131.96 142.03 137.96 6.22 14.56 129.39
127.01 131.86 141.79 137.26 6.66 14.13 129.08
127.57 132.14 144.04 138.10 7.56 15.84 129.84
126.24 131.05 141.02 136.49 6.60 14.07 128.27
127.12 131.58 142.25 137.61 6.48 14.84 129.16
127.40 131.96 142.67 137.96 6.62 14.96 129.52
127.50 132.00 142.18 138.03 6.15 14.55 129.52
126.45 131.15 141.19 137.19 6.15 14.49 128.55
128.14 132.73 144.70 138.77 7.62 16.04 130.46
127.47 131.89 142.00 137.96 6.02 14.46 129.43
127.54 131.96 142.14 138.00 6.11 14.50 129.51
127.61 132.03 142.11 138.07 6.03 14.43 129.56
127.65 132.10 142.46 138.14 6.27 14.67 129.66
126.98 131.51 141.65 137.58 6.10 14.52 129.00
127.15 131.54 143.65 137.68 7.44 15.94 129.35
127.12 131.58 142.42 137.72 6.54 15.05 129.20
125.86 130.59 140.67 136.07 6.58 14.08 127.85
127.05 131.72 143.82 137.86 7.64 16.15 129.43
126.84 131.61 141.65 137.12 6.60 14.21 128.89
127.36 131.89 143.90 137.96 7.53 15.94 129.63
126.07 130.84 140.88 136.28 6.62 14.08 128.08
127.50 132.10 144.04 138.03 7.64 15.86 129.79
126.84 131.61 141.65 137.05 6.65 14.16 128.87
127.26 132.21 142.25 138.21 6.39 14.74 129.54
126.45 131.33 142.11 137.33 6.86 15.15 128.75
127.36 132.00 144.00 138.03 7.63 16.00 129.69
126.59 131.08 141.40 137.16 6.19 14.58 128.60
127.65 132.07 144.11 138.14 7.49 15.92 129.86
127.12 131.54 141.65 137.58 6.03 14.40 129.06
127.15 131.61 143.61 137.68 7.47 15.86 129.37
126.94 131.65 141.79 137.72 6.23 14.65 129.08
127.50 132.07 144.07 138.10 7.59 15.96 129.79
127.50 132.14 142.74 138.14 6.60 14.94 129.66
127.72 132.63 144.21 137.96 8.05 15.44 130.04
127.79 132.24 144.21 138.28 7.50 15.89 130.01
127.57 132.00 144.07 138.10 7.49 15.96 129.80
127.57 132.07 142.46 138.14 6.29 14.74 129.62
126.52 131.33 141.37 136.81 6.64 14.18 128.58
128.00 132.52 142.56 138.56 6.10 14.52 130.03
126.94 131.75 141.79 137.23 6.66 14.22 129.01
127.57 132.00 142.14 138.03 6.08 14.48 129.54
127.40 132.14 142.21 137.61 6.66 14.25 129.44
128.00 132.38 142.53 137.93 6.43 14.14 129.85
126.59 131.33 141.40 136.81 6.62 14.16 128.61
127.40 131.86 143.86 138.00 7.43 15.94 129.64
127.86 132.24 142.88 138.35 6.39 14.89 129.88
127.29 131.72 141.89 137.79 6.07 14.50 129.26
127.89 132.38 145.23 138.49 8.15 16.64 130.26
127.68 132.14 144.25 138.28 7.52 16.06 129.94
127.12 131.61 142.39 137.68 6.56 14.97 129.20
128.21 132.56 143.37 138.67 6.51 15.04 130.25
127.05 131.44 142.21 137.51 6.48 14.88 129.06
127.72 132.45 144.18 138.21 7.72 15.71 130.03
127.08 131.54 143.54 137.65 7.44 15.88 129.31
127.47 131.93 141.96 138.00 6.00 14.44 129.44
126.52 131.08 143.02 137.16 7.45 15.82 128.78
127.12 131.79 141.86 137.33 6.54 14.21 129.12
127.29 131.75 141.86 137.86 6.02 14.50 129.28
126.03 130.70 140.74 136.21 6.49 14.05 127.99
127.79 132.17 142.35 138.28 6.04 14.55 129.75
126.49 131.12 141.19 136.67 6.49 14.12 128.44
126.98 131.72 143.72 137.82 7.63 16.09 129.38
126.94 131.61 141.65 137.12 6.53 14.14 128.93
127.12 132.38 143.86 137.96 8.01 15.74 129.69
126.98 131.72 141.68 137.72 6.17 14.50 129.10
128.59 132.98 144.88 138.98 7.46 15.85 130.78
127.96 132.38 142.42 138.38 6.04 14.41 129.91
127.08 131.51 143.47 137.58 7.41 15.80 129.27
126.91 131.54 143.86 137.58 7.85 16.18 129.26
127.93 132.52 144.53 138.63 7.58 16.09 130.26
126.66 131.37 144.14 137.47 8.18 16.60 129.12
127.19 132.14 143.72 137.86 7.76 15.68 129.60
128.00 132.42 144.42 138.53 7.46 15.96 130.22
128.07 132.52 144.49 138.60 7.49 15.95 130.31
126.98 131.72 141.61 137.19 6.50 14.07 128.98
126.00 130.70 140.56 136.10 6.46 13.87 127.93
127.57 132.17 142.03 138.17 6.02 14.38 129.61
126.42 131.08 141.02 136.56 6.45 13.98 128.36
127.82 132.56 143.12 138.60 6.64 15.06 130.05
127.43 132.14 142.07 137.54 6.58 14.07 129.42
126.94 131.75 141.75 137.54 6.40 14.42 129.07
126.63 131.33 141.26 136.74 6.54 13.98 128.59
127.15 131.89 142.00 137.93 6.26 14.65 129.31
126.38 131.01 141.58 137.05 6.49 14.82 128.50
127.01 131.68 143.61 137.75 7.56 15.96 129.35
127.05 131.75 141.93 137.79 6.28 14.66 129.18
127.47 132.17 142.11 138.17 6.15 14.50 129.58
126.52 131.01 140.95 137.05 5.93 14.26 128.47
128.24 132.94 142.88 138.91 6.21 14.56 130.37
127.40 132.07 142.14 138.07 6.22 14.57 129.50
127.68 132.14 142.18 138.10 6.08 14.39 129.64
127.26 131.86 141.86 137.86 6.11 14.45 129.30
127.12 132.17 143.58 137.65 7.88 15.45 129.53
127.15 131.68 142.00 137.72 6.27 14.64 129.20
126.84 131.58 141.51 136.98 6.57 14.03 128.83
127.68 132.17 142.11 138.14 6.03 14.33 129.65
126.07 130.77 140.74 136.17 6.54 13.95 128.01
127.29 131.93 142.00 137.96 6.17 14.56 129.38
126.77 131.51 141.44 136.91 6.57 14.02 128.76
127.22 131.72 143.65 137.75 7.47 15.82 129.45
126.59 131.33 141.30 136.74 6.59 14.03 128.58
126.94 131.61 141.58 137.61 6.12 14.44 129.02
127.65 132.24 142.32 138.28 6.16 14.57 129.72
127.68 132.28 144.28 138.35 7.60 16.04 130.00
126.45 131.15 141.86 137.19 6.65 14.98 128.64
127.68 132.14 144.11 138.17 7.49 15.87 129.90
127.75 132.17 142.77 138.21 6.43 14.83 129.78
128.17 132.52 144.53 138.60 7.44 15.90 130.35
127.26 131.79 141.79 137.72 6.11 14.34 129.24
127.08 131.79 143.75 137.82 7.64 16.00 129.45
127.75 132.45 142.42 138.46 6.18 14.56 129.87
128.31 132.80 144.74 138.84 7.53 15.95 130.57
126.87 131.61 141.65 137.68 6.17 14.59 129.01
126.49 131.19 141.23 136.67 6.56 14.10 128.47
127.05 131.72 142.49 137.79 6.68 15.10 129.25
126.00 130.73 140.77 136.17 6.59 14.05 127.98
127.40 131.93 141.93 137.96 6.04 14.43 129.41
126.42 131.15 141.16 136.59 6.58 14.06 128.41
127.47 132.42 144.00 138.07 7.83 15.67 129.88
126.24 130.94 141.02 136.45 6.55 14.12 128.23
126.59 131.15 141.26 137.30 6.03 14.53 128.63
126.94 131.68 141.72 137.16 6.61 14.17 128.97
127.01 131.61 141.65 137.72 6.05 14.52 129.07
127.01 131.68 141.72 137.75 6.13 14.55 129.11
127.05 131.72 143.72 137.82 7.59 16.04 129.41
127.15 131.82 142.00 137.93 6.21 14.70 129.28
126.80 131.30 143.37 137.37 7.52 15.90 129.04
127.61 132.24 143.05 138.35 6.69 15.19 129.81
127.82 132.42 143.16 138.38 6.72 15.03 129.97
127.33 131.86 144.63 137.86 8.17 16.47 129.67
127.72 132.63 144.25 138.21 7.90 15.64 130.10
127.15 131.65 141.72 137.68 6.06 14.43 129.14
127.22 131.68 143.65 137.75 7.44 15.85 129.44
127.12 131.86 141.75 137.79 6.18 14.41 129.22
126.80 131.72 141.61 137.05 6.72 14.09 128.89
127.93 132.77 144.42 138.53 7.75 15.77 130.31
126.94 131.79 141.72 137.16 6.68 14.10 129.00
127.12 131.72 143.65 137.72 7.56 15.87 129.40
126.14 131.01 140.95 136.35 6.69 14.02 128.18
127.65 132.52 144.39 138.46 7.80 16.05 130.10
126.91 131.79 141.68 137.12 6.70 14.07 128.97
127.26 132.00 142.00 137.96 6.24 14.53 129.39
126.63 131.15 141.44 137.16 6.24 14.53 128.64
127.93 132.49 144.35 138.42 7.58 15.83 130.19
127.08 131.86 142.53 137.86 6.73 15.06 129.32
127.08 131.96 143.82 137.93 7.74 16.00 129.53
126.59 131.40 141.58 137.37 6.39 14.64 128.77
127.65 132.45 144.28 138.35 7.74 15.94 130.05
126.28 131.23 143.93 136.59 8.81 16.17 128.72
128.45 133.09 143.75 139.05 6.72 15.08 130.63
128.00 132.56 142.49 138.38 6.20 14.32 129.99
128.07 132.66 144.49 138.56 7.61 15.82 130.34
126.98 131.51 143.44 137.09 7.81 15.49 129.13
126.49 131.40 141.30 136.70 6.73 14.03 128.56
127.08 131.65 143.51 137.54 7.56 15.71 129.32
126.63 131.51 141.40 136.84 6.69 14.04 128.68
127.50 132.03 143.90 138.03 7.48 15.81 129.75
126.42 131.30 141.23 136.70 6.65 14.10 128.49
127.01 131.54 143.44 137.54 7.48 15.77 129.25
126.56 131.44 141.33 136.74 6.71 14.01 128.60
127.75 132.24 144.18 138.21 7.55 15.83 129.98
126.73 131.51 142.18 137.33 6.84 14.89 128.93
127.57 132.52 143.09 138.31 6.96 15.02 129.89
126.77 131.54 141.68 137.47 6.37 14.58 128.91
127.15 131.93 141.96 137.82 6.34 14.52 129.29
126.80 131.68 141.75 137.65 6.37 14.64 129.02
128.10 132.94 142.98 138.91 6.38 14.73 130.33
127.22 132.07 142.11 138.03 6.34 14.63 129.42
127.68 132.17 144.11 138.14 7.54 15.83 129.91
127.43 131.93 141.89 137.82 6.10 14.28 129.39
127.50 132.03 142.42 137.93 6.44 14.63 129.54
127.82 132.35 142.42 138.28 6.19 14.46 129.83
126.49 131.30 141.30 136.67 6.69 14.08 128.51
127.61 132.28 142.88 138.03 6.81 14.81 129.74
126.56 131.40 141.40 136.74 6.74 14.08 128.60
127.19 131.72 141.72 137.61 6.14 14.31 129.16
125.78 130.63 140.63 136.00 6.68 14.03 127.81
128.17 132.66 144.67 138.67 7.60 15.96 130.43
126.56 131.40 141.37 136.77 6.69 14.08 128.61
128.07 132.52 142.70 138.53 6.18 14.56 130.06
127.15 131.65 141.79 137.68 6.11 14.48 129.15
127.79 132.35 144.42 138.35 7.68 16.02 130.08
126.63 131.19 141.93 137.16 6.64 14.87 128.72
127.57 132.21 142.49 138.07 6.47 14.62 129.66
127.43 132.24 142.95 137.58 7.29 14.67 129.58
127.54 132.00 144.00 137.93 7.59 15.81 129.74
127.61 132.10 142.84 138.00 6.69 14.88 129.67
128.24 132.80 143.47 138.63 6.77 14.90 130.34
127.15 131.89 142.63 137.79 6.84 15.02 129.36
127.29 131.96 143.97 137.89 7.73 15.94 129.62
127.12 132.00 143.97 137.96 7.82 16.09 129.58
126.14 130.98 140.95 136.31 6.69 14.01 128.16
126.91 131.89 141.89 137.79 6.45 14.63 129.17
126.87 131.72 141.72 137.05 6.76 14.12 128.93
127.65 132.70 144.53 138.53 7.97 16.08 130.19
126.70 131.58 141.51 136.88 6.75 14.05 128.75
127.01 131.75 143.72 137.72 7.71 15.97 129.38
126.80 131.61 141.65 136.98 6.73 14.13 128.84
127.50 132.21 142.25 138.14 6.28 14.53 129.61
127.26 131.96 141.96 137.89 6.24 14.48 129.36
127.96 132.63 142.63 138.56 6.25 14.53 130.06
127.15 131.79 144.56 137.68 8.31 16.46 129.54
127.54 132.14 142.84 138.07 6.71 14.95 129.67
126.73 131.30 141.79 137.23 6.48 14.68 128.79
128.24 132.87 142.91 138.84 6.23 14.58 130.33
127.36 132.07 142.07 138.00 6.24 14.49 129.46
127.89 132.38 144.39 138.38 7.58 15.93 130.14
126.94 131.54 141.68 137.47 6.25 14.47 128.98
128.63 133.12 145.12 139.05 7.68 15.96 130.88
127.79 132.31 144.25 138.21 7.63 15.81 130.02
128.14 132.70 143.33 138.53 6.73 14.86 130.23
127.26 131.89 141.79 137.61 6.26 14.20 129.25
126.84 131.72 141.65 137.02 6.75 14.06 128.90
127.12 131.65 143.54 137.54 7.56 15.71 129.33
126.63 131.47 141.44 136.81 6.72 14.07 128.67
127.22 131.72 143.68 137.54 7.65 15.70 129.41
125.82 130.66 140.67 136.03 6.68 14.03 127.85
127.57 132.17 144.18 138.14 7.67 15.95 129.87
126.28 131.12 141.12 136.45 6.73 14.06 128.31
126.56 131.40 143.37 137.33 7.79 15.97 128.97
126.24 131.08 141.33 136.63 6.76 14.38 128.35
126.56 131.44 143.47 137.44 7.82 16.10 129.02
126.66 131.54 141.58 137.51 6.34 14.60 128.87
127.93 132.52 142.88 138.49 6.43 14.75 130.03
127.65 132.31 142.39 138.24 6.28 14.54 129.74
128.49 133.05 144.98 138.95 7.69 15.92 130.77
126.91 131.47 144.32 137.44 8.25 16.47 129.26
127.26 131.82 143.82 137.82 7.60 15.91 129.53
127.86 132.42 144.49 138.46 7.66 16.06 130.16
128.31 132.80 144.84 138.88 7.58 16.05 130.59
126.87 131.68 141.75 137.72 6.27 14.65 129.06
126.80 131.58 141.58 136.98 6.65 14.11 128.82
127.29 131.86 141.89 137.82 6.14 14.43 129.31
126.91 131.72 141.72 137.09 6.71 14.12 128.95
127.19 131.65 143.65 137.65 7.52 15.82 129.39
126.14 130.91 140.95 136.31 6.64 14.06 128.14
127.33 131.75 143.79 137.75 7.53 15.83 129.52
126.84 131.65 141.65 137.02 6.70 14.11 128.88
127.36 131.89 143.90 137.86 7.60 15.87 129.61
127.08 131.65 141.75 137.30 6.41 14.23 129.04
126.87 131.75 143.68 137.19 8.16 15.66 129.22
127.26 131.75 141.79 137.40 6.32 14.14 129.17
127.65 132.14 144.11 138.14 7.54 15.87 129.88
127.12 131.93 144.77 137.89 8.44 16.69 129.64
127.22 132.00 142.74 137.96 6.82 15.10 129.47
126.63 131.15 141.16 137.12 6.06 14.30 128.60
128.28 132.77 144.70 138.74 7.58 15.90 130.52
127.36 131.89 142.60 137.86 6.62 14.90 129.45
127.47 131.93 144.07 137.93 7.64 15.96 129.70
127.54 132.03 142.56 137.96 6.50 14.74 129.58
126.17 130.94 140.95 136.35 6.62 14.04 128.17
127.68 132.10 144.14 138.10 7.55 15.87 129.88
126.87 131.72 141.72 137.05 6.76 14.12 128.93
126.87 131.37 141.40 136.81 6.45 13.95 128.72
126.38 131.19 141.19 136.56 6.68 14.06 128.41
127.29 131.72 141.79 137.65 6.09 14.32 129.22
126.56 131.33 141.37 136.74 6.66 14.11 128.58
127.15 131.61 143.54 137.58 7.49 15.74 129.34
126.91 131.33 141.37 137.30 6.02 14.28 128.82
128.17 132.70 142.67 138.49 6.23 14.31 130.15
126.98 131.44 143.58 137.44 7.61 15.90 129.19
126.94 131.47 143.54 137.51 7.58 15.92 129.20
126.87 131.58 142.42 137.58 6.80 15.11 129.08
127.33 131.96 142.60 137.93 6.64 14.93 129.47
126.31 131.08 143.33 137.05 7.91 16.12 128.72
127.96 132.73 143.40 138.63 6.85 15.08 130.21
127.29 132.10 142.21 138.10 6.34 14.69 129.49
127.47 132.24 144.21 138.17 7.79 16.02 129.87
126.45 131.33 143.33 137.30 7.81 16.03 128.90
126.14 130.94 140.98 136.31 6.69 14.06 128.16
126.91 131.51 143.51 137.44 7.66 15.84 129.18
126.56 131.37 141.40 136.74 6.72 14.11 128.59
127.15 131.61 143.65 137.58 7.57 15.82 129.36
126.66 131.51 141.54 136.84 6.77 14.12 128.72
127.22 131.72 141.82 137.68 6.14 14.42 129.20
126.49 131.33 141.33 136.67 6.74 14.08 128.53
127.05 131.58 141.96 137.54 6.37 14.63 129.08
127.15 131.96 142.00 137.89 6.34 14.57 129.32
126.91 131.68 143.61 137.61 7.73 15.93 129.29
127.05 131.75 141.82 137.68 6.28 14.51 129.15
127.50 132.10 142.81 138.03 6.70 14.94 129.63
127.36 131.86 144.00 137.79 7.71 15.92 129.60
127.12 131.68 141.68 137.61 6.13 14.36 129.12
126.87 131.40 143.47 137.33 7.66 15.84 129.11
126.98 131.47 143.44 137.44 7.53 15.77 129.19
127.93 132.49 142.46 138.38 6.17 14.39 129.94
127.72 132.17 142.91 138.14 6.61 14.91 129.77
126.87 131.30 143.30 137.30 7.48 15.75 129.05
126.70 131.51 141.51 136.84 6.72 14.07 128.72
127.50 132.38 144.35 138.31 7.87 16.11 129.97
126.49 131.33 141.33 136.67 6.74 14.08 128.53
127.43 132.17 142.32 138.07 6.40 14.60 129.57
127.26 132.03 142.07 137.40 6.73 14.16 129.29
127.79 132.28 142.32 138.24 6.11 14.42 129.77
126.45 131.23 141.23 136.59 6.66 14.05 128.46
127.72 132.14 142.28 138.14 6.11 14.47 129.67
126.31 131.12 141.12 136.49 6.68 14.06 128.33
127.82 132.31 142.98 138.21 6.64 14.85 129.88
126.94 131.40 141.58 137.37 6.15 14.41 128.90
127.29 131.79 143.75 137.75 7.55 15.81 129.51
126.31 130.91 140.98 136.88 6.15 14.37 128.33
128.24 132.84 142.84 138.77 6.21 14.50 130.30
127.15 131.72 141.68 137.61 6.13 14.31 129.14
127.61 132.07 142.11 137.96 6.13 14.33 129.55
127.36 131.79 142.53 137.72 6.60 14.82 129.38
128.35 132.80 144.84 138.70 7.69 15.90 130.57
127.75 132.28 144.14 138.17 7.57 15.76 129.98
127.86 132.38 144.25 138.24 7.60 15.74 130.08
127.54 132.10 142.07 137.96 6.18 14.32 129.53
126.87 131.68 141.61 136.98 6.70 14.01 128.89
127.40 132.24 142.18 138.14 6.32 14.52 129.58
126.35 131.19 141.12 136.49 6.70 13.99 128.37
126.87 131.79 143.65 137.65 7.83 15.93 129.32
126.17 131.01 140.95 136.31 6.69 13.97 128.19
127.26 131.89 143.79 137.75 7.67 15.78 129.54
127.22 132.07 142.00 137.33 6.77 14.05 129.27
127.72 132.31 144.21 138.17 7.67 15.81 129.99
126.84 131.47 141.44 137.30 6.22 14.28 128.85
127.47 132.14 144.00 137.96 7.71 15.78 129.77
126.38 131.30 141.33 137.12 6.45 14.50 128.57
127.36 132.21 144.14 138.10 7.83 16.01 129.79
126.80 131.72 142.39 137.58 6.92 15.03 129.10
127.50 132.42 143.05 138.24 6.96 15.06 129.81
127.65 132.42 144.56 138.31 7.96 16.15 130.06
127.96 132.56 144.46 138.38 7.71 15.81 130.23
127.68 132.31 142.88 137.65 7.07 14.46 129.70
127.82 132.38 142.39 138.21 6.24 14.35 129.82
126.73 131.51 141.47 136.95 6.60 14.10 128.75
126.45 131.37 141.26 136.63 6.76 14.00 128.51
126.80 131.68 143.47 137.47 7.80 15.79 129.20
126.28 131.19 141.09 136.42 6.77 13.96 128.32
127.05 131.75 141.72 137.58 6.28 14.35 129.11
126.10 131.01 140.95 136.31 6.74 14.01 128.16
128.14 132.80 144.67 138.67 7.72 15.89 130.46
126.56 131.47 141.40 136.74 6.79 14.04 128.62
127.72 132.63 143.16 138.49 6.86 15.03 130.02
126.84 131.79 141.82 137.65 6.47 14.60 129.07
127.01 131.86 143.75 137.72 7.81 15.92 129.42
126.70 131.61 142.14 137.44 6.84 14.89 128.96
127.01 131.65 143.58 137.51 7.69 15.78 129.29
126.49 131.44 141.47 137.26 6.48 14.53 128.70
127.40 132.38 143.05 138.24 7.00 15.16 129.76
126.56 131.51 142.18 137.40 6.91 15.06 128.87
127.22 132.24 144.14 138.07 7.98 16.06 129.74
126.38 131.37 141.54 137.23 6.58 14.68 128.65
127.47 132.38 144.25 138.24 7.86 16.00 129.93
126.52 131.47 141.51 137.33 6.46 14.56 128.75
126.17 131.08 140.98 136.35 6.74 13.97 128.22
126.38 131.26 143.16 136.77 8.06 15.62 128.72
126.91 131.82 141.72 137.05 6.81 14.02 128.97
127.08 132.03 143.93 137.75 8.00 15.91 129.53
126.70 131.58 141.54 136.88 6.77 14.08 128.76
126.91 131.82 143.79 137.75 7.86 16.06 129.38
126.84 131.72 141.65 137.05 6.73 14.09 128.91
127.61 132.59 144.46 138.46 7.92 16.07 130.12
125.86 130.80 140.84 136.67 6.43 14.49 128.06
127.47 132.42 144.35 138.28 7.94 16.08 129.96
126.73 131.51 141.58 137.33 6.39 14.45 128.85
126.63 131.54 141.79 137.47 6.55 14.75 128.88
126.91 131.58 141.68 137.54 6.25 14.52 128.99
127.75 132.24 143.05 138.24 6.67 15.02 129.85
127.47 132.03 142.98 138.00 6.84 15.12 129.61
127.61 132.17 144.14 138.07 7.67 15.85 129.87
