167.13 171.55 176.96 172.25 8.31 9.43 168.15
166.15 170.71 176.11 171.38 8.42 9.48 167.24
166.67 171.38 176.75 172.04 8.55 9.60 167.86
165.44 170.22 175.59 170.88 8.55 9.60 166.66
166.46 171.20 176.57 171.87 8.57 9.63 167.67
165.97 170.64 176.04 171.34 8.48 9.60 167.14
166.60 171.03 176.47 171.73 8.31 9.44 167.62
165.62 170.18 175.59 170.85 8.40 9.45 166.70
166.81 171.17 176.57 171.83 8.26 9.32 167.77
165.62 170.36 175.73 170.95 8.59 9.52 166.79
166.60 171.03 176.39 171.66 8.31 9.31 167.59
166.71 171.10 176.47 171.69 8.32 9.25 167.67
165.37 170.08 174.99 170.71 8.09 9.08 166.46
166.25 170.57 175.94 171.17 8.23 9.16 167.16
165.48 170.18 175.13 170.81 8.13 9.12 166.57
166.67 170.99 176.36 171.62 8.22 9.22 167.59
166.22 170.92 175.87 171.55 8.16 9.16 167.32
166.18 170.46 175.90 171.17 8.16 9.29 167.10
165.41 170.08 175.06 170.74 8.09 9.15 166.49
166.32 170.60 176.01 171.27 8.17 9.23 167.23
166.39 170.67 176.08 171.34 8.17 9.23 167.30
166.78 171.06 176.47 171.69 8.22 9.22 167.68
166.74 171.13 176.50 171.76 8.29 9.29 167.71
166.71 171.17 176.57 171.83 8.35 9.41 167.74
166.60 171.24 176.64 171.87 8.54 9.54 167.74
166.67 171.31 176.71 171.94 8.54 9.54 167.81
166.74 171.41 176.75 172.01 8.55 9.48 167.89
167.06 171.48 176.82 172.04 8.37 9.24 168.04
166.25 170.60 175.97 171.20 8.26 9.20 167.18
166.32 170.67 176.01 171.27 8.23 9.17 167.25
167.30 171.62 176.99 172.25 8.25 9.25 168.24
165.62 170.15 175.24 170.95 7.94 9.25 166.66
166.81 171.17 176.50 171.80 8.22 9.22 167.76
165.48 170.22 175.06 170.81 8.09 9.03 166.57
166.95 171.31 176.64 171.94 8.23 9.23 167.90
165.87 170.64 175.52 171.24 8.18 9.11 166.99
166.36 170.78 176.11 171.41 8.27 9.26 167.34
166.29 170.92 175.90 171.66 8.04 9.23 167.38
166.81 171.24 176.61 171.90 8.29 9.35 167.82
165.73 170.43 175.73 171.06 8.46 9.46 166.88
166.32 170.74 176.11 171.38 8.30 9.29 167.31
166.15 170.50 175.87 171.17 8.19 9.25 167.09
167.09 171.48 176.82 172.11 8.27 9.27 168.06
166.85 171.24 176.57 171.87 8.26 9.26 167.81
166.92 171.27 176.64 171.94 8.23 9.29 167.88
166.11 170.46 175.83 171.13 8.19 9.25 167.05
167.69 172.08 177.45 172.71 8.33 9.34 168.68
166.85 171.20 176.57 171.83 8.26 9.26 167.80
166.92 171.27 176.68 171.90 8.30 9.29 167.87
166.67 170.99 176.43 171.62 8.28 9.28 167.61
166.74 171.10 176.47 171.69 8.29 9.22 167.68
166.78 171.13 176.54 171.73 8.32 9.26 167.72
165.73 170.46 175.41 171.06 8.20 9.14 166.84
166.29 170.64 176.04 171.24 8.30 9.23 167.22
165.51 170.22 175.20 170.85 8.16 9.16 166.61
167.02 171.34 176.75 171.97 8.27 9.27 167.96
165.97 170.71 175.62 171.31 8.18 9.12 167.08
167.13 171.48 176.89 172.11 8.31 9.31 168.09
165.80 170.53 175.48 171.13 8.21 9.14 166.91
166.67 170.99 176.47 171.62 8.32 9.31 167.61
167.06 171.38 176.82 171.97 8.33 9.27 167.99
166.50 170.81 176.22 171.41 8.27 9.21 167.41
166.22 170.60 176.01 171.20 8.33 9.26 167.17
166.29 170.64 176.04 171.24 8.30 9.23 167.22
166.39 170.67 176.11 171.31 8.24 9.23 167.30
167.37 171.69 177.10 172.29 8.32 9.26 168.31
166.50 170.85 176.25 171.45 8.31 9.24 167.44
166.57 170.88 176.29 171.52 8.25 9.24 167.49
166.32 170.64 176.04 171.27 8.23 9.23 167.24
166.99 171.31 176.75 171.94 8.30 9.30 167.93
167.06 171.38 176.78 171.97 8.30 9.24 167.98
165.37 170.08 175.06 170.71 8.15 9.15 166.47
166.29 170.60 176.04 171.24 8.27 9.26 167.21
165.51 170.22 175.20 170.85 8.16 9.16 166.61
167.02 171.31 176.75 171.94 8.27 9.27 167.94
165.30 169.97 174.99 170.67 8.09 9.21 166.40
166.22 170.53 175.94 171.17 8.23 9.22 167.14
165.44 170.15 175.13 170.78 8.16 9.15 166.54
166.92 171.27 176.71 171.90 8.33 9.33 167.88
166.39 170.74 176.18 171.38 8.30 9.30 167.34
166.74 171.06 176.50 171.73 8.26 9.32 167.69
166.22 170.53 175.97 171.17 8.26 9.26 167.14
166.88 171.20 176.64 171.87 8.26 9.32 167.83
166.36 170.95 176.39 171.66 8.47 9.59 167.49
166.46 171.03 176.47 171.76 8.41 9.59 167.58
166.11 170.78 176.22 171.52 8.49 9.67 167.29
166.36 170.85 176.29 171.59 8.34 9.52 167.43
166.64 171.24 176.68 171.90 8.51 9.57 167.77
166.74 171.27 176.75 171.97 8.45 9.57 167.84
165.76 170.43 175.87 171.10 8.53 9.59 166.92
165.97 170.67 175.62 171.31 8.15 9.15 167.07
166.22 170.85 176.29 171.48 8.55 9.55 167.35
165.76 170.50 175.45 171.10 8.20 9.14 166.87
166.46 170.99 176.36 171.59 8.44 9.37 167.51
165.27 170.01 174.96 170.60 8.18 9.11 166.37
167.62 172.01 177.41 172.64 8.36 9.37 168.61
165.44 170.15 175.06 170.74 8.12 9.06 166.52
166.64 170.95 176.36 171.59 8.25 9.25 167.56
166.71 171.03 176.39 171.62 8.25 9.19 167.62
167.09 171.38 176.75 172.04 8.17 9.24 168.01
166.25 170.53 175.90 171.17 8.17 9.16 167.14
166.57 170.88 176.25 171.52 8.21 9.21 167.49
165.73 170.04 175.41 170.67 8.17 9.17 166.63
166.67 170.99 176.39 171.66 8.22 9.28 167.61
166.99 171.34 176.78 172.01 8.30 9.36 167.96
167.09 171.41 176.82 172.04 8.27 9.27 168.03
166.29 170.60 176.01 171.20 8.26 9.20 167.20
166.95 171.27 176.61 171.87 8.23 9.17 167.87
166.43 170.74 176.08 171.31 8.24 9.11 167.32
165.94 170.64 175.59 171.24 8.18 9.12 167.03
167.16 171.48 176.85 172.08 8.27 9.21 168.09
165.16 169.87 174.82 170.46 8.14 9.07 166.24
166.67 170.99 176.36 171.59 8.25 9.19 167.59
165.90 170.60 175.55 171.20 8.18 9.11 166.99
166.43 170.74 176.18 171.38 8.27 9.27 167.36
165.09 169.80 174.71 170.43 8.08 9.07 166.17
166.50 170.92 176.25 171.52 8.31 9.24 167.47
165.97 170.39 175.76 170.99 8.31 9.24 166.94
166.57 171.03 176.36 171.66 8.31 9.31 167.58
166.11 170.78 176.15 171.41 8.52 9.51 167.26
167.52 172.08 177.45 172.67 8.52 9.46 168.61
165.69 170.29 175.69 170.88 8.50 9.42 166.78
166.92 171.27 176.64 171.90 8.26 9.26 167.87
166.46 170.78 176.15 171.38 8.24 9.17 167.37
166.81 171.13 176.50 171.76 8.22 9.22 167.74
166.88 171.17 176.57 171.80 8.23 9.23 167.79
166.64 170.92 176.32 171.59 8.18 9.25 167.55
166.25 170.64 176.11 171.31 8.33 9.39 167.24
165.27 170.01 174.96 170.64 8.15 9.14 166.38
166.43 171.10 176.50 171.76 8.53 9.59 167.59
165.44 170.15 175.06 170.78 8.09 9.09 166.53
166.29 170.88 176.32 171.55 8.49 9.55 167.41
165.83 170.57 175.48 171.17 8.18 9.11 166.94
166.32 170.71 176.11 171.38 8.27 9.33 167.30
165.97 170.67 175.62 171.31 8.15 9.15 167.07
167.48 171.76 177.17 172.39 8.26 9.26 168.40
166.11 170.81 175.76 171.45 8.16 9.16 167.21
166.71 170.99 176.39 171.66 8.19 9.25 167.62
166.78 171.06 176.47 171.73 8.19 9.25 167.69
166.46 170.81 176.22 171.48 8.24 9.30 167.42
166.22 170.57 175.97 171.20 8.26 9.26 167.16
166.60 170.92 176.36 171.59 8.25 9.31 167.54
166.64 170.99 176.43 171.62 8.31 9.31 167.59
166.67 171.10 176.47 171.66 8.38 9.25 167.65
166.78 171.20 176.54 171.80 8.32 9.26 167.76
167.16 171.52 176.89 172.15 8.27 9.28 168.12
166.32 170.67 176.04 171.27 8.27 9.20 167.25
166.39 170.74 176.11 171.31 8.30 9.17 167.31
167.30 171.73 177.10 172.29 8.41 9.29 168.29
165.73 170.43 175.34 171.06 8.11 9.10 166.82
166.32 170.60 176.01 171.20 8.23 9.17 167.21
164.95 169.66 174.57 170.25 8.10 9.03 166.02
167.34 171.66 177.06 172.25 8.31 9.25 168.27
165.66 170.39 175.31 170.95 8.20 9.07 166.75
166.25 170.57 175.94 171.17 8.23 9.16 167.16
165.80 170.50 175.41 171.10 8.14 9.08 166.88
166.36 170.67 176.08 171.31 8.24 9.23 167.28
165.55 169.87 175.24 170.50 8.16 9.16 166.45
166.81 171.10 176.50 171.76 8.19 9.26 167.73
166.88 171.17 176.57 171.80 8.23 9.23 167.79
167.23 171.55 176.92 172.18 8.25 9.25 168.17
166.39 170.71 176.08 171.31 8.24 9.17 167.30
167.02 171.41 176.78 172.01 8.33 9.27 167.99
166.11 170.57 175.90 171.13 8.35 9.22 167.09
167.45 171.83 177.24 172.46 8.35 9.36 168.43
166.60 170.95 176.39 171.59 8.31 9.31 167.56
167.30 171.62 176.99 172.25 8.25 9.25 168.24
166.43 170.78 176.15 171.41 8.24 9.24 167.37
166.01 170.71 175.66 171.34 8.15 9.15 167.11
166.60 170.88 176.29 171.55 8.18 9.24 167.51
166.15 170.78 175.76 171.48 8.06 9.19 167.23
166.43 170.71 176.11 171.38 8.17 9.23 167.33
165.94 170.57 175.55 171.27 8.05 9.18 167.01
167.45 171.73 177.13 172.39 8.22 9.29 168.37
166.08 170.81 175.69 171.41 8.15 9.09 167.18
167.27 171.62 176.96 172.22 8.28 9.22 168.21
166.43 170.74 176.15 171.38 8.24 9.24 167.35
167.41 171.73 177.10 172.36 8.25 9.26 168.34
167.16 171.48 176.85 172.08 8.27 9.21 168.09
167.16 171.48 176.92 172.15 8.28 9.34 168.11
165.97 170.32 175.76 170.99 8.25 9.31 166.92
166.32 170.74 176.15 171.38 8.33 9.33 167.31
165.80 170.22 175.62 170.85 8.31 9.30 166.78
166.57 170.92 176.25 171.52 8.24 9.18 167.50
167.23 171.55 176.92 172.18 8.25 9.25 168.17
167.30 171.59 176.99 172.22 8.25 9.25 168.22
166.43 170.74 176.11 171.34 8.24 9.17 167.34
165.06 169.76 174.71 170.39 8.11 9.10 166.14
166.92 171.17 176.57 171.83 8.17 9.23 167.81
165.83 170.50 175.48 171.17 8.11 9.17 166.92
167.02 171.31 176.71 171.94 8.23 9.24 167.93
165.66 170.32 175.31 170.95 8.14 9.13 166.73
166.85 171.13 176.54 171.80 8.19 9.26 167.76
165.48 170.15 175.10 170.78 8.09 9.09 166.55
166.95 171.20 176.68 171.90 8.20 9.33 167.87
165.73 170.04 175.48 170.78 8.14 9.32 166.67
167.23 171.62 177.06 172.32 8.31 9.44 168.24
166.22 170.78 176.22 171.48 8.43 9.55 167.32
166.46 170.81 176.29 171.52 8.28 9.40 167.44
166.25 170.92 176.32 171.59 8.52 9.58 167.41
165.76 170.39 175.80 171.03 8.50 9.49 166.88
166.08 170.78 176.18 171.41 8.58 9.57 167.25
166.50 171.13 176.57 171.80 8.54 9.59 167.65
166.18 170.88 176.29 171.55 8.55 9.61 167.37
167.27 171.87 177.31 172.53 8.54 9.61 168.41
165.80 170.39 175.83 171.06 8.47 9.52 166.91
165.97 170.64 175.62 171.31 8.12 9.18 167.06
165.90 170.57 175.94 171.17 8.54 9.47 167.03
165.76 170.46 175.41 171.13 8.11 9.17 166.87
167.45 171.83 177.31 172.53 8.36 9.48 168.46
165.90 170.43 175.55 171.20 8.02 9.27 166.94
166.43 170.71 176.18 171.41 8.21 9.33 167.35
166.01 170.57 175.66 171.34 8.03 9.28 167.07
167.09 171.48 176.92 172.11 8.37 9.37 168.08
165.97 170.32 175.76 170.99 8.25 9.31 166.92
166.32 170.71 176.15 171.38 8.30 9.36 167.30
166.50 171.10 176.54 171.73 8.54 9.53 167.61
165.94 170.53 175.97 171.20 8.48 9.53 167.05
166.50 170.85 176.32 171.59 8.24 9.43 167.48
167.55 171.83 177.31 172.53 8.26 9.39 168.50
166.67 170.99 176.43 171.73 8.19 9.38 167.63
166.81 171.06 176.54 171.76 8.19 9.32 167.72
166.57 170.78 176.29 171.55 8.12 9.37 167.47
167.52 171.76 177.24 172.46 8.23 9.36 168.44
166.57 170.92 176.39 171.62 8.28 9.40 167.54
166.71 170.95 176.47 171.66 8.22 9.35 167.62
166.11 170.43 175.90 171.13 8.23 9.35 167.06
166.04 170.71 175.73 171.41 8.12 9.25 167.15
166.71 171.17 176.64 171.90 8.35 9.54 167.77
165.55 170.22 175.24 170.92 8.10 9.22 166.65
166.74 171.34 176.78 172.04 8.48 9.61 167.88
166.29 170.95 175.97 171.66 8.13 9.26 167.40
167.09 171.45 176.89 172.15 8.27 9.40 168.07
165.48 170.18 175.17 170.85 8.13 9.19 166.59
166.43 170.67 176.08 171.38 8.11 9.23 167.32
166.50 170.74 176.15 171.45 8.11 9.24 167.39
166.81 171.10 176.50 171.80 8.16 9.29 167.74
166.29 170.53 175.94 171.24 8.10 9.23 167.18
166.32 170.53 176.01 171.31 8.07 9.32 167.22
166.25 170.64 176.08 171.34 8.26 9.39 167.24
167.02 171.34 176.78 172.04 8.24 9.36 167.98
166.22 170.50 175.90 171.20 8.13 9.25 167.13
166.88 171.17 176.57 171.90 8.13 9.32 167.82
166.85 171.27 176.68 171.94 8.33 9.39 167.86
167.30 171.62 177.03 172.32 8.22 9.35 168.26
166.39 170.74 176.15 171.48 8.17 9.36 167.36
165.09 169.69 174.71 170.50 7.92 9.22 166.16
166.32 170.60 175.97 171.27 8.14 9.20 167.22
165.83 170.53 175.48 171.17 8.14 9.14 166.93
167.02 171.31 176.75 171.97 8.24 9.30 167.95
166.25 170.95 175.90 171.66 8.10 9.23 167.37
167.13 171.45 176.85 172.11 8.24 9.31 168.07
165.48 170.11 175.06 170.81 8.00 9.12 166.54
166.64 170.95 176.39 171.66 8.22 9.34 167.59
166.64 171.06 176.43 171.73 8.28 9.34 167.64
166.71 171.10 176.50 171.73 8.32 9.32 167.68
166.57 171.17 176.57 171.83 8.47 9.53 167.69
166.57 171.20 176.64 171.87 8.54 9.60 167.72
166.57 170.95 176.36 171.62 8.28 9.34 167.55
167.02 171.34 176.75 171.97 8.27 9.27 167.96
166.50 170.81 176.18 171.45 8.21 9.21 167.42
167.48 171.76 177.17 172.43 8.22 9.29 168.41
166.32 170.57 175.97 171.24 8.14 9.20 167.20
167.30 171.55 176.96 172.22 8.18 9.25 168.20
167.34 171.66 177.06 172.29 8.28 9.29 168.28
165.69 170.36 175.31 170.99 8.10 9.10 166.76
165.94 170.22 175.66 170.88 8.18 9.24 166.84
166.15 170.74 175.76 171.45 8.06 9.19 167.21
166.60 170.99 176.39 171.59 8.34 9.28 167.57
166.25 170.92 175.87 171.55 8.13 9.13 167.33
166.85 171.41 176.82 172.04 8.49 9.49 167.94
165.76 170.32 175.38 171.06 8.01 9.20 166.81
165.97 170.60 176.01 171.24 8.51 9.50 167.10
166.25 170.64 176.08 171.34 8.26 9.39 167.24
166.50 170.71 176.15 171.38 8.15 9.21 167.36
166.18 170.50 175.90 171.13 8.23 9.22 167.10
167.20 171.45 176.89 172.11 8.21 9.28 168.10
167.23 171.55 176.96 172.18 8.28 9.28 168.17
167.34 171.55 177.03 172.25 8.19 9.32 168.24
166.01 170.46 175.87 171.10 8.35 9.34 167.01
167.76 172.04 177.45 172.67 8.27 9.28 168.68
166.81 171.20 176.61 171.83 8.32 9.32 167.79
166.92 171.27 176.64 171.90 8.26 9.26 167.87
166.04 170.39 175.80 171.03 8.25 9.25 166.98
165.69 170.36 175.31 170.99 8.10 9.10 166.76
167.20 171.45 176.85 172.11 8.18 9.24 168.10
165.20 169.87 174.82 170.50 8.08 9.07 166.26
166.11 170.36 175.76 171.03 8.13 9.19 166.99
166.25 170.88 175.80 171.55 8.03 9.10 167.31
166.85 171.06 176.47 171.73 8.13 9.19 167.72
165.44 170.11 175.03 170.74 8.06 9.06 166.51
166.95 171.20 176.57 171.87 8.13 9.20 167.84
166.15 170.36 175.76 171.06 8.06 9.19 167.01
166.78 171.06 176.39 171.69 8.16 9.16 167.67
166.85 171.13 176.50 171.80 8.16 9.23 167.76
166.25 170.57 175.94 171.24 8.17 9.23 167.17
166.53 170.95 176.29 171.59 8.28 9.27 167.52
166.04 170.67 176.01 171.31 8.45 9.44 167.16
165.55 170.15 175.52 170.78 8.42 9.41 166.64
167.41 171.73 177.06 172.36 8.22 9.22 168.34
166.29 170.85 176.25 171.48 8.46 9.45 167.37
166.04 170.60 176.01 171.24 8.45 9.44 167.12
166.71 171.27 176.71 171.94 8.48 9.54 167.81
165.66 170.29 175.24 170.95 8.04 9.10 166.71
166.78 171.13 176.50 171.73 8.29 9.22 167.72
165.20 169.48 174.82 170.50 7.73 9.42 166.16
166.36 170.92 176.36 171.59 8.46 9.52 167.46
166.22 170.88 175.83 171.52 8.13 9.13 167.30
167.62 172.04 177.41 172.64 8.39 9.33 168.62
166.04 170.67 175.62 171.34 8.06 9.12 167.10
166.43 170.88 176.25 171.55 8.30 9.36 167.45
165.23 169.94 174.85 170.57 8.08 9.08 166.32
166.46 170.99 176.43 171.66 8.44 9.50 167.54
165.55 170.15 175.59 170.81 8.46 9.51 166.66
166.46 170.81 176.22 171.45 8.27 9.27 167.41
166.60 170.92 176.29 171.55 8.21 9.21 167.52
167.55 171.90 177.27 172.50 8.33 9.27 168.50
166.92 171.34 176.75 171.94 8.39 9.33 167.91
166.71 171.10 176.57 171.73 8.38 9.38 167.69
166.78 171.13 176.57 171.80 8.29 9.35 167.74
166.92 171.17 176.64 171.87 8.20 9.33 167.83
166.01 170.32 175.76 171.03 8.19 9.31 166.94
167.66 171.90 177.38 172.64 8.20 9.40 168.59
167.06 171.38 176.85 172.08 8.27 9.40 168.02
165.69 170.39 175.41 171.06 8.17 9.23 166.81
166.60 170.88 176.36 171.62 8.18 9.37 167.54
165.23 169.76 174.92 170.60 7.96 9.33 166.29
167.34 171.55 177.06 172.32 8.16 9.41 168.26
165.94 170.46 175.66 171.31 8.02 9.40 167.01
167.13 171.41 176.89 172.11 8.24 9.37 168.07
165.16 169.87 174.85 170.50 8.14 9.14 166.26
166.99 171.24 176.71 171.97 8.17 9.36 167.91
166.11 170.46 175.90 171.10 8.29 9.28 167.06
166.81 171.10 176.54 171.73 8.26 9.26 167.72
166.81 171.17 176.57 171.83 8.26 9.32 167.77
166.50 170.92 176.36 171.59 8.34 9.40 167.51
166.46 170.99 176.43 171.62 8.47 9.46 167.53
167.30 171.66 177.06 172.29 8.31 9.32 168.27
166.39 170.78 176.22 171.45 8.30 9.36 167.37
167.37 171.76 177.24 172.46 8.35 9.48 168.39
166.85 171.55 176.96 172.18 8.62 9.62 168.04
166.71 171.31 176.71 171.94 8.51 9.51 167.82
166.64 171.38 176.78 172.01 8.64 9.64 167.84
165.09 169.73 174.75 170.43 8.05 9.16 166.16
165.87 170.57 176.01 171.24 8.57 9.62 167.05
165.51 170.18 175.17 170.85 8.10 9.16 166.60
166.99 171.27 176.75 171.97 8.24 9.36 167.93
165.97 170.64 175.62 171.27 8.15 9.15 167.05
166.18 170.46 175.94 171.17 8.20 9.32 167.10
166.11 170.71 175.73 171.41 8.06 9.19 167.17
166.60 170.92 176.39 171.59 8.28 9.34 167.55
166.25 170.64 176.11 171.38 8.27 9.45 167.25
167.20 171.66 177.10 172.32 8.41 9.47 168.24
166.22 170.74 176.22 171.48 8.39 9.58 167.31
167.34 171.73 177.20 172.46 8.32 9.51 168.36
166.01 170.64 176.04 171.31 8.48 9.54 167.14
166.25 170.67 176.15 171.38 8.33 9.45 167.27
166.15 170.43 175.87 171.17 8.13 9.31 167.07
167.16 171.41 176.89 172.15 8.18 9.37 168.09
166.25 170.57 176.04 171.31 8.20 9.38 167.21
167.52 171.83 177.31 172.60 8.23 9.49 168.50
166.04 170.64 176.15 171.41 8.45 9.70 167.19
165.97 170.57 175.59 171.34 7.99 9.24 167.05
166.39 170.78 176.25 171.52 8.27 9.46 167.40
165.48 170.11 175.13 170.81 8.06 9.18 166.55
165.73 170.29 175.80 171.03 8.44 9.61 166.84
165.30 169.90 174.92 170.64 7.99 9.17 166.36
166.64 171.03 176.50 171.73 8.32 9.44 167.64
165.73 170.32 175.34 171.06 8.01 9.20 166.79
166.18 170.50 175.97 171.24 8.20 9.38 167.14
166.04 170.32 175.80 171.03 8.19 9.31 166.96
167.06 171.27 176.78 172.01 8.17 9.36 167.96
166.18 170.39 175.90 171.17 8.10 9.35 167.08
166.50 170.81 176.29 171.52 8.24 9.37 167.45
166.88 171.13 176.64 171.87 8.20 9.39 167.81
166.88 171.17 176.68 171.90 8.23 9.42 167.83
166.22 170.64 176.11 171.38 8.30 9.48 167.24
166.15 170.39 175.87 171.13 8.13 9.31 167.05
165.97 170.46 175.94 171.20 8.35 9.53 167.04
166.71 171.13 176.61 171.90 8.29 9.54 167.75
166.32 170.88 176.39 171.62 8.46 9.65 167.45
165.30 169.83 174.96 170.64 7.96 9.27 166.35
166.39 171.03 176.47 171.76 8.47 9.65 167.56
165.48 170.11 175.10 170.81 8.03 9.15 166.55
165.73 170.29 175.73 170.99 8.40 9.52 166.82
165.59 170.18 175.20 170.92 8.00 9.19 166.64
165.55 170.08 175.52 170.81 8.33 9.51 166.63
165.41 169.94 174.99 170.74 7.90 9.21 166.44
166.74 171.10 176.57 171.87 8.22 9.48 167.74
165.87 170.25 175.73 170.99 8.25 9.43 166.86
166.60 170.92 176.36 171.69 8.15 9.40 167.57
166.50 170.99 176.47 171.73 8.38 9.56 167.57
166.32 170.71 176.18 171.48 8.24 9.48 167.33
165.59 169.87 175.31 170.60 8.10 9.28 166.50
166.36 170.57 176.01 171.31 8.08 9.26 167.24
166.43 170.64 176.08 171.34 8.11 9.23 167.30
166.50 170.71 176.11 171.41 8.08 9.21 167.37
166.25 170.46 175.90 171.20 8.07 9.26 167.13
166.60 170.85 176.25 171.59 8.09 9.27 167.51
166.64 170.85 176.32 171.59 8.12 9.31 167.53
167.06 171.20 176.71 172.01 8.04 9.36 167.93
167.02 171.31 176.78 172.04 8.20 9.39 167.97
165.73 170.32 175.31 171.06 7.98 9.16 166.78
166.95 171.13 176.54 171.87 8.04 9.23 167.82
165.55 170.15 175.13 170.85 8.00 9.12 166.59
166.43 170.64 176.04 171.34 8.08 9.20 167.30
165.97 170.57 175.52 171.27 7.99 9.11 167.02
166.43 170.71 176.18 171.48 8.14 9.39 167.37
166.08 170.71 175.66 171.41 8.03 9.15 167.15
166.25 170.60 176.04 171.31 8.23 9.35 167.22
166.36 170.71 176.08 171.38 8.20 9.26 167.30
166.46 170.74 176.15 171.45 8.14 9.27 167.38
166.60 170.81 176.22 171.48 8.12 9.18 167.47
166.92 171.13 176.57 171.83 8.13 9.26 167.80
166.04 170.29 175.73 170.99 8.12 9.25 166.93
166.43 170.67 176.08 171.38 8.11 9.23 167.32
166.50 170.71 176.15 171.45 8.08 9.27 167.38
167.45 171.69 177.13 172.39 8.19 9.32 168.36
166.22 170.57 175.97 171.27 8.20 9.32 167.18
167.02 171.52 176.92 172.25 8.34 9.52 168.10
166.08 170.64 176.08 171.38 8.39 9.57 167.19
166.01 170.60 175.59 171.31 8.02 9.15 167.06
166.50 171.10 176.54 171.87 8.41 9.66 167.65
165.51 170.11 175.10 170.85 7.97 9.15 166.57
166.01 170.57 176.08 171.34 8.42 9.66 167.14
165.97 170.57 175.55 171.27 8.02 9.15 167.02
167.16 171.38 176.78 172.08 8.11 9.24 168.05
166.39 170.99 175.94 171.69 8.01 9.14 167.45
167.27 171.48 176.92 172.18 8.15 9.28 168.16
166.08 170.32 175.76 171.03 8.13 9.25 166.97
167.02 171.27 176.71 172.01 8.14 9.33 167.94
165.62 170.11 175.55 170.85 8.30 9.48 166.68
166.43 170.78 176.22 171.48 8.24 9.36 167.40
165.76 170.25 175.66 170.92 8.34 9.39 166.80
166.08 170.71 176.04 171.31 8.48 9.41 167.18
166.85 171.38 176.75 171.97 8.45 9.39 167.91
167.16 171.41 176.78 172.08 8.14 9.21 168.06
166.04 170.57 175.94 171.20 8.38 9.38 167.09
166.64 170.99 176.36 171.59 8.28 9.22 167.57
166.67 170.99 176.36 171.66 8.19 9.25 167.60
165.09 169.69 174.64 170.36 7.98 9.04 166.12
166.81 171.06 176.47 171.80 8.10 9.29 167.72
166.15 170.74 175.69 171.41 8.03 9.09 167.19
166.39 170.95 176.29 171.59 8.40 9.40 167.47
165.94 170.57 175.48 171.24 8.02 9.08 166.99
166.36 170.78 176.11 171.45 8.24 9.30 167.35
166.08 170.67 175.62 171.38 7.99 9.12 167.13
166.04 170.25 175.66 170.95 8.06 9.18 166.90
166.46 170.67 176.01 171.38 8.01 9.14 167.32
167.16 171.34 176.75 172.04 8.08 9.21 168.02
167.20 171.41 176.78 172.08 8.11 9.18 168.07
167.23 171.48 176.85 172.11 8.18 9.18 168.12
166.04 170.32 175.69 170.95 8.16 9.15 166.93
167.62 171.87 177.27 172.53 8.20 9.27 168.53
167.16 171.34 176.75 171.97 8.14 9.15 168.01
167.52 171.73 177.13 172.36 8.19 9.20 168.39
166.67 170.88 176.25 171.52 8.12 9.12 167.52
167.94 172.15 177.55 172.78 8.21 9.22 168.82
166.18 170.36 175.76 171.03 8.07 9.12 167.01
165.69 169.94 175.24 170.95 7.69 9.38 166.63
167.13 171.34 176.82 172.08 8.14 9.34 168.03
166.15 170.74 175.69 171.41 8.03 9.09 167.19
166.88 171.24 176.64 171.97 8.20 9.39 167.86
165.66 170.25 175.20 170.95 7.97 9.10 166.70
166.22 170.39 175.83 171.13 8.04 9.22 167.07
165.44 170.01 174.99 170.74 7.93 9.12 166.47
166.99 171.13 176.57 171.87 8.04 9.23 167.84
167.02 171.24 176.64 171.94 8.11 9.23 167.90
166.15 170.32 175.76 171.06 8.03 9.22 167.00
166.18 170.43 175.87 171.13 8.13 9.25 167.08
166.78 171.10 176.54 171.80 8.22 9.35 167.73
166.36 170.92 176.25 171.59 8.37 9.43 167.44
166.60 171.27 176.61 171.94 8.48 9.54 167.76
166.04 170.67 176.08 171.41 8.42 9.60 167.19
167.13 171.38 176.78 172.08 8.14 9.27 168.03
166.25 170.53 175.94 171.24 8.13 9.26 167.16
166.36 170.60 176.01 171.31 8.11 9.23 167.25
166.36 170.67 176.08 171.38 8.17 9.29 167.30
165.62 170.29 175.24 170.99 8.04 9.16 166.71
166.99 171.34 176.78 172.11 8.20 9.46 167.98
166.01 170.71 175.66 171.41 8.09 9.21 167.12
166.60 170.85 176.32 171.59 8.15 9.34 167.52
165.87 170.50 175.48 171.20 8.05 9.17 166.94
167.06 171.31 176.75 172.01 8.17 9.30 167.97
165.66 170.29 175.27 171.03 8.01 9.19 166.73
166.11 170.50 175.94 171.20 8.26 9.38 167.10
165.76 170.39 175.38 171.13 8.01 9.20 166.84
165.97 170.32 175.76 171.03 8.22 9.34 166.93
166.67 171.03 176.43 171.69 8.25 9.31 167.63
166.67 171.10 176.50 171.73 8.35 9.35 167.67
165.94 170.53 175.97 171.24 8.44 9.56 167.06
167.13 171.80 177.24 172.50 8.57 9.69 168.32
166.29 170.95 176.36 171.66 8.49 9.61 167.46
166.99 171.62 177.06 172.32 8.53 9.65 168.15
166.18 170.78 176.18 171.48 8.42 9.54 167.30
167.23 171.73 177.17 172.43 8.41 9.54 168.31
166.22 170.53 175.97 171.27 8.17 9.35 167.17
166.43 170.64 176.04 171.34 8.08 9.20 167.30
166.46 170.71 176.15 171.41 8.14 9.27 167.36
165.09 169.73 174.68 170.43 7.98 9.10 166.15
166.29 170.57 175.97 171.24 8.17 9.23 167.19
165.83 170.50 175.45 171.20 8.05 9.17 166.92
166.43 170.71 176.08 171.34 8.17 9.17 167.32
165.02 169.73 174.64 170.36 8.07 9.07 166.10
167.16 171.45 176.85 172.08 8.24 9.24 168.08
165.76 170.46 175.41 171.10 8.14 9.14 166.86
166.39 170.95 176.36 171.59 8.47 9.46 167.48
166.18 170.71 176.11 171.38 8.39 9.45 167.25
166.36 170.74 176.15 171.41 8.27 9.33 167.33
165.62 170.18 175.62 170.85 8.43 9.48 166.71
166.25 170.88 176.29 171.52 8.52 9.52 167.38
166.01 170.64 176.01 171.31 8.45 9.50 167.13
166.60 171.03 176.39 171.66 8.31 9.31 167.59
166.36 170.78 176.15 171.41 8.30 9.30 167.34
166.92 171.17 176.57 171.83 8.17 9.23 167.81
165.97 170.29 175.69 170.92 8.22 9.21 166.89
166.99 171.27 176.68 171.90 8.23 9.23 167.90
166.71 171.03 176.39 171.62 8.25 9.19 167.62
165.66 169.97 175.31 170.99 7.79 9.47 166.65
166.92 171.45 176.85 172.08 8.46 9.46 167.99
165.80 170.39 175.41 171.10 8.05 9.17 166.85
167.16 171.59 176.96 172.22 8.34 9.34 168.17
165.30 170.01 174.92 170.60 8.12 9.05 166.38
166.39 170.81 176.15 171.41 8.30 9.24 167.36
166.04 170.74 175.66 171.34 8.15 9.09 167.13
166.57 170.95 176.29 171.55 8.28 9.21 167.52
166.32 171.03 176.36 171.66 8.53 9.52 167.49
166.67 171.38 176.71 172.01 8.54 9.54 167.85
165.87 170.53 175.90 171.17 8.50 9.50 167.01
166.95 171.48 176.85 172.11 8.43 9.43 168.02
166.57 170.92 176.29 171.55 8.25 9.24 167.51
166.74 171.03 176.39 171.62 8.22 9.16 167.63
166.78 171.10 176.43 171.69 8.22 9.16 167.69
167.06 171.41 176.82 172.04 8.30 9.30 168.02
165.62 170.25 175.62 170.88 8.46 9.45 166.73
166.32 170.95 176.29 171.55 8.49 9.43 167.43
166.95 171.59 176.96 172.25 8.49 9.56 168.10
165.06 169.73 174.60 170.32 8.04 8.97 166.10
165.69 170.22 175.59 170.85 8.37 9.36 166.73
165.20 169.87 174.75 170.50 8.02 9.01 166.25
167.27 171.55 176.89 172.18 8.18 9.18 168.17
165.66 170.25 175.17 170.92 7.97 9.03 166.68
167.41 171.73 177.03 172.32 8.22 9.16 168.33
165.76 170.43 175.31 171.03 8.07 9.01 166.81
166.32 170.60 175.94 171.24 8.14 9.13 167.21
166.43 170.67 176.01 171.31 8.11 9.11 167.29
166.71 171.03 176.39 171.66 8.22 9.22 167.63
165.80 170.15 175.55 170.81 8.21 9.27 166.74
166.78 171.13 176.50 171.76 8.26 9.26 167.73
165.90 170.29 175.66 170.95 8.21 9.27 166.86
167.59 172.18 177.55 172.85 8.49 9.56 168.72
165.44 170.11 175.45 170.78 8.42 9.47 166.58
167.09 171.73 177.06 172.39 8.47 9.53 168.24
166.18 170.85 176.25 171.52 8.52 9.58 167.34
166.99 171.55 176.92 172.18 8.46 9.46 168.08
166.39 171.03 176.36 171.62 8.50 9.43 167.51
166.57 171.27 176.15 171.87 8.15 9.08 167.66
166.53 171.17 176.50 171.73 8.54 9.41 167.64
165.44 170.15 175.03 170.74 8.09 9.02 166.52
166.29 170.67 175.97 171.27 8.23 9.17 167.23
166.50 171.20 176.08 171.80 8.14 9.08 167.59
166.78 171.06 176.36 171.66 8.16 9.09 167.66
166.32 171.03 175.90 171.59 8.17 9.04 167.40
166.88 171.20 176.54 171.76 8.26 9.13 167.79
166.36 170.67 176.01 171.24 8.23 9.11 167.25
166.71 171.03 176.36 171.62 8.22 9.16 167.62
165.83 170.22 175.55 170.78 8.27 9.14 166.76
166.81 171.17 176.50 171.76 8.26 9.19 167.75
166.60 170.92 176.29 171.52 8.25 9.18 167.51
166.64 171.03 176.32 171.59 8.28 9.15 167.58
166.74 171.06 176.39 171.62 8.25 9.13 167.64
166.74 171.17 176.43 171.69 8.32 9.13 167.69
166.71 171.20 176.50 171.73 8.41 9.22 167.71
166.64 171.24 176.61 171.83 8.51 9.44 167.74
165.94 170.64 176.01 171.27 8.54 9.53 167.10
166.36 171.03 176.39 171.62 8.56 9.49 167.50
165.73 170.50 175.87 171.10 8.63 9.55 166.93
165.73 170.39 175.34 171.03 8.11 9.10 166.80
166.53 171.24 176.61 171.83 8.60 9.53 167.70
165.55 170.29 175.17 170.88 8.13 9.06 166.65
166.74 171.38 176.78 172.01 8.55 9.54 167.88
165.06 169.76 174.71 170.39 8.11 9.10 166.14
166.25 170.57 175.94 171.20 8.20 9.19 167.17
165.80 170.53 175.45 171.13 8.17 9.11 166.90
167.20 171.59 177.03 172.22 8.37 9.37 168.19
165.59 170.15 175.55 170.78 8.43 9.42 166.66
166.46 170.78 176.22 171.41 8.27 9.27 167.39
167.13 171.45 176.89 172.11 8.27 9.34 168.08
167.23 171.52 176.96 172.15 8.28 9.28 168.15
166.08 170.32 175.80 171.03 8.16 9.28 166.97
166.46 170.74 176.15 171.45 8.14 9.27 167.38
166.85 171.13 176.54 171.80 8.19 9.26 167.76
166.88 171.17 176.61 171.83 8.23 9.29 167.80
166.99 171.24 176.64 171.90 8.17 9.23 167.88
166.43 170.67 176.11 171.38 8.14 9.27 167.33
167.09 171.31 176.78 172.01 8.17 9.30 167.99
165.69 170.36 175.38 171.03 8.14 9.20 166.78
166.32 170.57 176.01 171.24 8.17 9.23 167.21
164.92 169.59 174.57 170.25 8.07 9.12 165.99
167.23 171.59 177.06 172.25 8.34 9.41 168.21
165.66 170.29 175.31 170.95 8.10 9.16 166.72
166.39 170.78 176.29 171.45 8.37 9.43 167.39
166.08 170.67 175.73 171.38 8.09 9.22 167.14
166.81 171.13 176.71 171.87 8.33 9.51 167.80
166.71 170.95 176.47 171.69 8.19 9.38 167.63
166.99 171.34 176.85 172.01 8.37 9.43 167.97
166.15 170.46 175.97 171.20 8.23 9.41 167.11
167.13 171.41 176.96 172.15 8.28 9.47 168.09
166.67 171.13 176.68 171.94 8.35 9.66 167.76
167.20 171.52 177.06 172.25 8.31 9.50 168.18
166.39 170.67 176.18 171.41 8.21 9.39 167.33
167.13 171.38 176.85 172.08 8.21 9.34 168.05
166.99 171.45 176.92 172.15 8.40 9.52 168.04
167.23 171.80 177.27 172.46 8.54 9.60 168.35
166.99 171.55 177.06 172.25 8.53 9.65 168.12
166.29 170.92 175.90 171.55 8.13 9.13 167.35
166.60 171.06 176.54 171.80 8.35 9.53 167.66
165.51 170.04 175.13 170.78 8.00 9.19 166.54
166.04 170.29 175.83 171.03 8.19 9.37 166.96
165.94 170.57 175.55 171.24 8.08 9.15 167.00
167.13 171.66 177.10 172.32 8.47 9.53 168.22
165.76 170.39 175.38 171.06 8.08 9.14 166.82
166.64 171.17 176.61 171.80 8.48 9.47 167.71
166.04 170.60 176.08 171.31 8.45 9.57 167.15
166.32 170.67 176.15 171.34 8.30 9.36 167.29
166.15 170.74 176.18 171.45 8.46 9.57 167.27
167.73 172.01 177.48 172.67 8.30 9.37 168.67
167.13 171.45 176.92 172.15 8.27 9.40 168.09
166.95 171.20 176.68 171.90 8.20 9.33 167.87
166.74 170.95 176.47 171.66 8.19 9.32 167.63
166.53 170.74 176.22 171.48 8.12 9.30 167.42
166.60 170.85 176.29 171.52 8.18 9.24 167.50
167.59 171.80 177.27 172.50 8.20 9.33 168.49
167.02 171.24 176.75 171.94 8.20 9.33 167.92
165.34 169.97 174.99 170.64 8.09 9.15 166.40
166.85 171.10 176.54 171.76 8.19 9.26 167.75
166.39 171.03 175.97 171.69 8.07 9.14 167.46
166.92 171.20 176.64 171.87 8.23 9.29 167.84
165.59 170.22 175.24 170.92 8.07 9.19 166.66
166.36 170.99 176.47 171.69 8.53 9.65 167.52
165.69 170.36 175.34 171.03 8.11 9.16 166.78
166.74 171.45 176.89 172.15 8.58 9.70 167.95
166.01 170.60 176.08 171.31 8.48 9.60 167.14
166.78 171.31 176.75 171.97 8.45 9.51 167.86
166.18 170.46 175.87 171.10 8.19 9.19 167.08
166.25 170.53 175.94 171.20 8.17 9.23 167.16
166.64 170.92 176.32 171.52 8.25 9.18 167.53
166.95 171.24 176.68 171.87 8.26 9.26 167.87
165.87 170.39 175.83 171.06 8.41 9.46 166.93
166.36 170.78 176.18 171.41 8.33 9.33 167.35
166.46 170.81 176.25 171.48 8.27 9.33 167.42
167.23 171.48 176.92 172.18 8.18 9.31 168.15
166.85 171.24 176.68 171.90 8.33 9.39 167.84
165.59 170.15 175.24 170.92 8.01 9.25 166.64
166.74 171.06 176.50 171.73 8.26 9.32 167.69
165.41 170.11 175.06 170.78 8.09 9.15 166.51
166.60 170.88 176.36 171.59 8.22 9.34 167.53
165.23 169.94 174.92 170.57 8.15 9.14 166.33
166.67 171.03 176.47 171.69 8.28 9.35 167.64
165.37 170.08 175.03 170.71 8.12 9.12 166.46
166.22 170.57 175.94 171.17 8.26 9.19 167.14
165.76 170.46 175.41 171.10 8.14 9.14 166.86
166.67 170.95 176.39 171.62 8.22 9.28 167.59
167.37 171.59 177.06 172.29 8.19 9.32 168.27
167.41 171.66 177.10 172.39 8.16 9.35 168.33
166.25 170.50 175.94 171.17 8.17 9.23 167.14
167.23 171.48 176.92 172.18 8.18 9.31 168.15
167.30 171.52 176.99 172.22 8.18 9.31 168.20
167.66 171.87 177.34 172.60 8.17 9.36 168.57
166.81 171.10 176.54 171.80 8.19 9.32 167.74
166.88 171.13 176.61 171.87 8.17 9.35 167.80
166.04 170.25 175.73 170.99 8.09 9.28 166.92
167.02 171.20 176.71 171.97 8.11 9.36 167.91
166.46 170.71 176.18 171.41 8.18 9.30 167.37
165.09 169.76 174.71 170.43 8.04 9.10 166.16
166.53 170.78 176.25 171.55 8.12 9.37 167.45
165.51 170.18 175.17 170.88 8.07 9.19 166.61
166.95 171.27 176.71 171.97 8.23 9.36 167.91
166.25 170.78 175.87 171.55 8.00 9.26 167.30
166.22 170.78 176.22 171.45 8.46 9.51 167.31
165.44 169.73 175.10 170.78 7.75 9.49 166.42
166.18 170.85 176.32 171.55 8.55 9.67 167.36
166.64 171.31 176.71 171.94 8.58 9.57 167.80
166.99 171.66 177.10 172.36 8.56 9.69 168.18
166.46 170.81 176.25 171.48 8.27 9.33 167.42
166.60 171.17 176.64 171.83 8.51 9.57 167.71
165.69 170.32 175.76 170.99 8.50 9.55 166.82
166.39 170.95 176.43 171.66 8.47 9.59 167.51
166.04 170.74 176.18 171.41 8.58 9.63 167.23
167.02 171.73 177.17 172.43 8.60 9.72 168.24
166.22 170.85 176.32 171.55 8.52 9.64 167.37
166.67 171.24 176.71 171.94 8.48 9.60 167.79
166.46 170.99 176.39 171.62 8.44 9.43 167.53
165.34 170.01 174.99 170.67 8.09 9.15 166.42
166.39 170.74 176.22 171.45 8.27 9.39 167.37
165.80 170.43 175.41 171.10 8.08 9.14 166.86
166.25 170.60 176.08 171.27 8.30 9.35 167.21
165.34 169.90 174.96 170.64 7.99 9.18 166.38
166.71 171.06 176.50 171.73 8.29 9.35 167.67
165.73 170.39 175.38 171.03 8.14 9.14 166.80
167.20 171.48 176.92 172.15 8.24 9.31 168.13
166.32 170.64 176.04 171.31 8.20 9.26 167.25
166.46 170.99 176.39 171.66 8.40 9.46 167.53
165.80 170.11 175.59 170.81 8.21 9.33 166.73
166.53 170.81 176.25 171.45 8.24 9.24 167.44
166.36 170.85 176.32 171.52 8.43 9.49 167.41
166.53 170.92 176.36 171.59 8.31 9.37 167.52
166.43 170.99 176.47 171.66 8.50 9.56 167.53
167.02 171.41 176.85 172.04 8.37 9.37 168.01
165.94 170.53 175.97 171.20 8.48 9.53 167.05
167.09 171.55 176.99 172.18 8.43 9.43 168.13
166.04 170.64 176.08 171.31 8.48 9.54 167.16
165.34 169.66 174.99 170.64 7.81 9.42 166.32
165.83 170.43 175.94 171.10 8.54 9.59 166.95
166.67 170.99 176.32 171.97 7.87 9.50 167.67
166.85 171.52 176.96 172.15 8.62 9.62 168.02
165.87 170.46 175.52 171.20 8.05 9.24 166.94
166.50 171.03 176.47 171.69 8.44 9.50 167.58
165.97 170.60 175.62 171.34 8.06 9.24 167.06
166.50 170.81 176.25 171.48 8.24 9.30 167.44
166.04 170.29 175.73 170.95 8.16 9.21 166.92
167.34 171.59 177.06 172.29 8.22 9.35 168.26
166.50 170.71 176.22 171.45 8.15 9.33 167.39
167.09 171.38 176.85 172.04 8.27 9.34 168.02
166.04 170.60 176.01 171.24 8.45 9.44 167.12
167.59 171.80 177.27 172.50 8.20 9.33 168.49
166.67 170.99 176.43 171.66 8.25 9.31 167.61
167.06 171.31 176.82 172.01 8.24 9.36 167.98
166.15 170.50 175.97 171.20 8.26 9.38 167.12
166.60 170.81 176.32 171.52 8.18 9.31 167.49
166.25 170.57 176.08 171.27 8.27 9.39 167.20
165.90 170.22 175.59 171.24 7.83 9.52 166.90
166.29 170.71 176.25 171.41 8.40 9.52 167.32
165.37 170.04 175.06 170.71 8.12 9.18 166.46
166.32 170.88 176.39 171.55 8.53 9.58 167.43
165.55 170.22 175.24 170.88 8.13 9.19 166.64
166.99 171.31 176.78 172.01 8.27 9.39 167.95
165.34 170.01 175.03 170.67 8.12 9.18 166.42
166.53 170.81 176.29 171.48 8.25 9.31 167.45
166.85 171.24 176.68 171.83 8.39 9.32 167.82
166.85 171.27 176.75 171.90 8.42 9.42 167.86
166.01 170.43 175.87 171.10 8.32 9.37 167.01
166.64 171.10 176.54 171.73 8.41 9.41 167.66
166.15 170.85 176.29 171.48 8.62 9.61 167.33
166.64 171.20 176.64 171.83 8.51 9.51 167.73
166.57 171.27 176.75 171.90 8.67 9.66 167.76
167.02 171.62 177.10 172.29 8.56 9.62 168.16
165.59 170.18 175.62 170.85 8.46 9.51 166.69
166.85 171.20 176.64 171.83 8.32 9.32 167.81
166.64 170.92 176.36 171.59 8.22 9.28 167.55
166.99 171.31 176.75 171.94 8.30 9.30 167.93
167.30 171.66 177.10 172.29 8.35 9.35 168.27
165.97 170.67 175.66 171.34 8.15 9.21 167.09
166.46 170.88 176.29 171.48 8.37 9.30 167.45
165.48 170.18 175.17 170.81 8.16 9.15 166.58
166.01 170.39 175.83 171.03 8.32 9.31 166.97
165.30 170.01 174.96 170.67 8.09 9.14 166.40
166.78 171.06 176.54 171.76 8.23 9.35 167.71
165.73 170.43 175.38 171.06 8.14 9.14 166.82
166.04 170.29 175.69 170.99 8.09 9.21 166.93
165.80 170.08 175.52 170.78 8.15 9.26 166.71
167.66 171.97 177.38 172.64 8.27 9.33 168.61
166.78 171.17 176.54 171.80 8.29 9.29 167.75
166.81 171.20 176.57 171.87 8.26 9.32 167.79
165.94 170.36 175.73 170.99 8.28 9.27 166.91
166.92 171.31 176.71 171.97 8.30 9.36 167.91
166.67 171.06 176.47 171.73 8.28 9.35 167.66
166.81 171.13 176.50 171.76 8.22 9.22 167.74
165.97 170.25 175.66 170.92 8.15 9.21 166.87
167.55 171.83 177.24 172.50 8.23 9.30 168.48
166.67 170.95 176.36 171.62 8.19 9.25 167.58
165.30 170.04 174.96 170.64 8.15 9.08 166.40
166.67 171.13 176.54 171.76 8.38 9.38 167.69
166.08 170.78 175.73 171.41 8.16 9.15 167.18
166.95 171.24 176.68 171.90 8.23 9.30 167.88
166.22 170.88 175.83 171.52 8.13 9.13 167.30
166.81 171.10 176.47 171.73 8.19 9.19 167.71
165.41 170.11 175.03 170.74 8.09 9.09 166.49
166.50 170.92 176.25 171.52 8.31 9.24 167.47
166.57 170.99 176.36 171.66 8.28 9.34 167.57
166.71 171.03 176.43 171.66 8.25 9.25 167.64
167.09 171.38 176.78 172.04 8.21 9.27 168.01
166.85 171.10 176.54 171.80 8.16 9.29 167.75
165.90 170.29 175.69 170.95 8.25 9.30 166.87
166.25 170.64 176.08 171.34 8.26 9.39 167.24
167.13 171.62 177.03 172.32 8.37 9.50 168.20
167.09 171.41 176.85 172.11 8.24 9.37 168.05
166.22 170.57 175.97 171.24 8.23 9.29 167.17
166.64 170.92 176.36 171.62 8.19 9.31 167.56
166.64 170.99 176.39 171.69 8.22 9.34 167.60
165.62 170.32 175.27 170.95 8.13 9.13 166.71
167.13 171.38 176.82 172.08 8.18 9.30 168.04
165.73 170.43 175.38 171.10 8.11 9.17 166.83
166.95 171.20 176.61 171.90 8.14 9.26 167.86
165.87 170.57 175.48 171.20 8.11 9.11 166.96
167.06 171.34 176.75 172.01 8.20 9.27 167.98
165.06 169.76 174.68 170.36 8.11 9.04 166.13
166.25 170.53 175.94 171.17 8.20 9.19 167.15
167.27 171.55 176.92 172.18 8.21 9.22 168.18
167.06 171.31 176.71 171.97 8.17 9.24 167.95
166.81 171.10 176.47 171.73 8.19 9.19 167.71
166.85 171.13 176.54 171.76 8.23 9.23 167.76
166.60 170.88 176.29 171.52 8.21 9.21 167.50
166.64 170.92 176.32 171.59 8.18 9.25 167.55
166.43 170.67 176.11 171.34 8.17 9.23 167.32
166.78 171.06 176.47 171.69 8.22 9.22 167.68
166.57 170.78 176.22 171.48 8.12 9.24 167.44
166.92 171.17 176.61 171.87 8.17 9.29 167.83
166.67 170.88 176.39 171.62 8.16 9.34 167.57
166.50 171.13 176.15 171.83 8.11 9.24 167.59
166.18 170.43 175.87 171.13 8.13 9.25 167.08
165.73 170.29 175.38 171.03 8.04 9.23 166.78
166.36 170.57 176.01 171.27 8.11 9.23 167.23
165.87 170.53 175.52 171.17 8.15 9.14 166.95
166.50 170.71 176.18 171.41 8.15 9.27 167.38
166.01 170.64 175.66 171.31 8.12 9.18 167.08
167.20 171.41 176.92 172.08 8.24 9.31 168.09
166.36 170.60 176.08 171.24 8.24 9.23 167.24
167.30 171.55 177.03 172.22 8.25 9.31 168.22
166.18 170.39 175.83 171.06 8.13 9.19 167.04
166.43 170.74 176.18 171.41 8.24 9.30 167.36
166.71 171.13 176.57 171.80 8.35 9.41 167.72
166.60 171.17 176.64 171.87 8.48 9.60 167.72
165.69 170.29 175.80 171.03 8.47 9.64 166.83
166.22 170.67 176.18 171.38 8.39 9.51 167.26
166.85 171.38 176.85 172.08 8.46 9.58 167.95
167.09 171.45 176.92 172.11 8.34 9.40 168.07
167.09 171.52 176.96 172.18 8.37 9.43 168.11
165.59 170.25 175.24 170.92 8.10 9.16 166.67
166.78 171.03 176.47 171.69 8.19 9.25 167.67
165.41 170.01 175.03 170.71 8.03 9.15 166.46
166.92 171.13 176.57 171.83 8.13 9.26 167.80
165.55 170.15 175.13 170.85 8.00 9.12 166.59
166.11 170.32 175.80 171.03 8.13 9.25 166.99
165.94 170.60 175.55 171.24 8.12 9.11 167.01
166.53 170.78 176.22 171.48 8.15 9.27 167.43
165.76 170.43 175.38 171.10 8.08 9.14 166.84
166.32 170.57 176.04 171.31 8.14 9.32 167.23
166.46 170.67 176.15 171.41 8.11 9.30 167.35
166.50 170.74 176.18 171.48 8.11 9.30 167.41
167.16 171.41 176.82 172.15 8.11 9.31 168.08
167.20 171.45 176.85 172.18 8.11 9.31 168.11
166.32 170.60 176.04 171.34 8.14 9.32 167.25
167.30 171.59 176.99 172.32 8.15 9.35 168.25
165.87 170.15 175.52 170.85 8.08 9.20 166.77
166.85 171.13 176.50 171.87 8.10 9.29 167.78
166.29 170.57 175.97 171.31 8.10 9.29 167.21
166.64 170.92 176.29 171.66 8.09 9.28 167.56
166.74 170.99 176.39 171.73 8.09 9.28 167.65
165.94 170.36 175.52 171.34 7.77 9.39 166.97
166.85 171.10 176.50 171.87 8.07 9.32 167.77
165.80 170.46 175.41 171.17 8.05 9.17 166.89
166.64 171.03 176.36 171.66 8.25 9.25 167.60
165.62 170.29 175.24 170.99 8.04 9.16 166.71
166.46 170.81 176.15 171.48 8.18 9.24 167.41
166.01 170.71 175.66 171.41 8.09 9.21 167.12
166.64 170.88 176.29 171.59 8.12 9.25 167.53
166.71 170.92 176.36 171.66 8.09 9.28 167.60
166.71 170.99 176.43 171.69 8.19 9.31 167.63
166.81 171.10 176.50 171.80 8.16 9.29 167.74
167.16 171.41 176.82 172.15 8.11 9.31 168.08
166.32 170.53 175.97 171.31 8.04 9.29 167.21
166.36 170.60 176.08 171.38 8.11 9.36 167.28
165.73 170.08 175.52 170.81 8.18 9.36 166.69
167.37 171.66 177.13 172.43 8.19 9.45 168.34
166.39 170.81 176.29 171.55 8.31 9.49 167.42
167.52 171.76 177.27 172.53 8.20 9.45 168.46
166.32 170.57 176.08 171.38 8.11 9.42 167.25
165.62 169.94 175.24 171.03 7.69 9.50 166.62
166.95 171.34 176.82 172.11 8.27 9.52 167.98
165.76 170.36 175.38 171.13 7.98 9.23 166.83
166.08 170.53 176.01 171.34 8.26 9.57 167.14
165.27 169.80 174.89 170.64 7.90 9.27 166.31
166.60 170.92 176.47 171.76 8.19 9.56 167.60
165.37 169.97 174.99 170.78 7.93 9.24 166.45
166.78 171.06 176.54 171.87 8.13 9.44 167.74
166.08 170.18 175.73 171.06 7.94 9.37 166.93
166.74 170.92 176.39 171.76 8.00 9.38 167.64
166.43 170.64 176.18 171.48 8.08 9.46 167.35
166.60 171.03 176.57 171.87 8.29 9.66 167.67
165.66 170.18 175.69 170.99 8.34 9.64 166.76
166.95 171.45 176.96 172.29 8.33 9.71 168.07
167.13 171.52 177.03 172.32 8.28 9.59 168.17
167.13 171.59 177.10 172.43 8.31 9.69 168.23
166.18 170.74 176.22 171.59 8.33 9.70 167.33
166.46 170.78 176.29 171.62 8.15 9.52 167.45
166.22 170.57 176.04 171.38 8.17 9.48 167.21
165.62 170.22 175.20 170.95 7.97 9.16 166.67
166.22 170.39 175.83 171.17 8.00 9.25 167.08
165.13 169.73 174.71 170.50 7.92 9.16 166.18
167.27 171.45 176.92 172.29 8.02 9.41 168.18
165.90 170.39 175.48 171.27 7.86 9.30 166.94
167.37 171.52 176.99 172.39 7.96 9.41 168.27
166.04 170.60 175.59 171.41 7.90 9.21 167.10
166.39 170.78 176.22 171.62 8.14 9.52 167.42
166.08 170.57 175.97 171.34 8.26 9.50 167.14
166.08 170.57 175.97 171.41 8.19 9.57 167.16
166.15 170.64 176.08 171.48 8.23 9.60 167.24
167.13 171.62 177.06 172.46 8.28 9.66 168.24
165.90 170.46 175.90 171.31 8.28 9.65 167.03
166.53 171.10 176.57 172.01 8.28 9.78 167.70
166.04 170.60 176.01 171.45 8.26 9.63 167.17
166.29 170.67 176.04 171.48 8.11 9.42 167.29
166.53 171.03 176.43 171.87 8.22 9.59 167.62
167.20 171.45 176.82 172.25 8.02 9.34 168.13
166.36 170.60 175.97 171.38 8.01 9.26 167.26
165.97 170.53 175.48 171.31 7.89 9.14 167.01
166.78 170.95 176.39 171.80 7.97 9.35 167.67
165.48 170.04 174.96 170.81 7.84 9.09 166.51
166.01 170.18 175.59 170.95 7.96 9.21 166.86
165.87 170.43 175.38 171.24 7.86 9.17 166.91
166.46 170.64 176.01 171.45 7.92 9.23 167.33
165.69 170.25 175.20 171.06 7.85 9.16 166.73
165.97 170.43 175.80 171.24 8.16 9.46 167.02
166.53 170.81 176.22 171.59 8.08 9.33 167.47
166.32 170.53 175.94 171.34 7.98 9.29 167.21
166.11 170.36 175.73 171.13 8.00 9.25 167.01
166.46 170.71 176.08 171.52 7.98 9.30 167.38
166.29 170.46 175.87 171.27 7.94 9.26 167.16
166.36 170.50 175.90 171.31 7.91 9.23 167.20
166.08 170.29 175.66 171.06 7.96 9.21 166.95
167.34 171.59 176.99 172.36 8.09 9.35 168.27
166.39 170.78 176.15 171.52 8.17 9.36 167.38
166.46 170.78 176.22 171.59 8.11 9.43 167.43
165.66 170.22 175.66 170.99 8.33 9.58 166.77
167.27 171.52 176.89 172.29 8.05 9.31 168.19
166.32 170.60 176.08 171.45 8.08 9.45 167.28
165.97 170.57 175.55 171.38 7.93 9.24 167.05
166.57 170.81 176.22 171.59 8.05 9.30 167.48
166.39 171.06 176.01 171.83 8.01 9.26 167.51
166.99 171.24 176.64 172.01 8.07 9.33 167.91
165.90 170.50 175.55 171.34 7.96 9.33 167.00
167.34 171.66 177.10 172.46 8.16 9.48 168.33
165.41 170.08 175.03 170.85 7.96 9.21 166.51
167.73 172.08 177.52 172.81 8.27 9.47 168.73
166.01 170.32 175.76 171.06 8.16 9.34 166.95
166.11 170.36 175.80 171.17 8.03 9.34 167.03
167.09 171.38 176.78 172.15 8.11 9.37 168.04
166.85 171.10 176.50 171.87 8.07 9.32 167.77
166.67 171.17 176.57 171.94 8.29 9.54 167.75
166.92 171.52 176.96 172.32 8.40 9.71 168.09
166.15 170.67 176.04 171.41 8.29 9.48 167.22
167.13 171.45 176.78 172.15 8.14 9.27 168.07
167.16 171.45 176.82 172.22 8.08 9.34 168.11
167.23 171.52 176.92 172.29 8.12 9.37 168.18
166.64 170.99 176.39 171.76 8.15 9.41 167.62
165.62 170.15 175.24 171.06 7.85 9.35 166.69
166.71 171.03 176.47 171.83 8.13 9.44 167.68
165.41 169.97 175.06 170.85 7.90 9.34 166.49
166.78 171.20 176.61 171.97 8.23 9.48 167.81
166.46 171.13 176.08 171.90 8.01 9.27 167.58
166.74 171.03 176.43 171.76 8.13 9.31 167.67
165.37 170.04 174.99 170.78 7.99 9.18 166.47
166.71 171.13 176.54 171.87 8.25 9.44 167.73
165.66 170.29 175.69 171.03 8.40 9.58 166.80
166.11 170.60 176.04 171.41 8.26 9.57 167.19
165.51 170.11 175.55 170.85 8.39 9.57 166.64
166.50 171.06 176.50 171.83 8.38 9.62 167.62
166.60 171.17 176.57 171.90 8.38 9.57 167.72
166.53 170.88 176.32 171.66 8.18 9.43 167.52
166.92 171.24 176.71 172.04 8.17 9.48 167.90
167.02 171.34 176.78 172.11 8.17 9.43 168.00
166.46 170.78 176.25 171.52 8.21 9.40 167.42
166.60 170.85 176.29 171.62 8.09 9.34 167.52
166.32 170.57 176.01 171.34 8.07 9.32 167.23
165.90 170.50 175.48 171.27 7.96 9.21 166.97
166.78 171.03 176.47 171.76 8.13 9.32 167.69
165.41 169.94 174.99 170.78 7.87 9.24 166.45
166.57 170.81 176.29 171.59 8.12 9.37 167.49
165.23 169.87 174.85 170.60 7.99 9.17 166.30
166.32 170.67 176.11 171.41 8.20 9.39 167.30
166.01 170.57 175.59 171.34 7.96 9.21 167.06
166.57 170.74 176.22 171.52 8.05 9.30 167.44
166.29 170.53 175.97 171.31 8.07 9.32 167.20
167.02 171.48 176.99 172.29 8.34 9.65 168.11
165.73 170.36 175.80 171.13 8.40 9.65 166.89
166.67 171.34 176.78 172.11 8.48 9.73 167.87
166.15 170.78 176.22 171.59 8.39 9.70 167.32
166.81 171.45 176.89 172.25 8.42 9.74 168.00
165.94 170.57 176.01 171.38 8.38 9.69 167.11
166.92 171.55 177.03 172.32 8.49 9.75 168.11
166.15 170.74 176.22 171.52 8.42 9.67 167.30
167.16 171.41 176.85 172.18 8.11 9.37 168.09
166.39 170.57 176.01 171.34 8.01 9.26 167.26
165.90 170.53 175.48 171.27 7.99 9.17 166.98
167.06 171.34 176.75 172.08 8.14 9.33 167.99
165.06 169.76 174.68 170.46 8.01 9.13 166.15
166.92 171.45 176.85 172.18 8.36 9.55 168.02
165.83 170.46 175.41 171.20 7.98 9.17 166.91
166.32 170.67 176.04 171.41 8.14 9.32 167.29
166.25 170.88 175.83 171.66 7.97 9.22 167.34
166.22 170.46 175.87 171.24 8.04 9.29 167.12
166.32 170.50 175.94 171.27 8.01 9.26 167.19
166.64 170.88 176.29 171.62 8.09 9.28 167.54
166.46 170.67 176.08 171.45 8.02 9.27 167.35
166.50 170.71 176.15 171.45 8.08 9.27 167.38
165.62 169.90 175.31 170.60 8.10 9.22 166.52
167.55 171.80 177.20 172.50 8.16 9.29 168.46
166.39 170.64 176.01 171.38 8.04 9.23 167.29
167.34 171.59 176.99 172.36 8.09 9.35 168.27
167.09 171.34 176.71 172.11 8.05 9.30 168.01
167.16 171.45 176.82 172.22 8.08 9.34 168.11
166.53 170.88 176.25 171.62 8.15 9.34 167.50
165.51 169.97 175.06 170.88 7.78 9.28 166.53
166.95 171.27 176.64 172.04 8.10 9.36 167.91
165.66 170.22 175.20 171.03 7.88 9.19 166.70
166.32 170.81 176.15 171.48 8.30 9.36 167.36
165.48 170.18 175.06 170.85 8.03 9.09 166.57
166.71 170.95 176.36 171.66 8.12 9.25 167.61
165.94 170.57 175.48 171.31 7.96 9.14 167.01
166.81 171.06 176.43 171.76 8.10 9.22 167.71
166.04 170.67 175.62 171.45 7.96 9.21 167.13
166.92 171.24 176.57 171.94 8.13 9.26 167.86
165.97 170.32 175.73 171.10 8.12 9.37 166.94
166.99 171.27 176.68 172.04 8.11 9.36 167.93
166.11 170.43 175.87 171.17 8.16 9.34 167.06
167.41 171.69 177.13 172.43 8.19 9.38 168.36
167.23 171.73 177.17 172.53 8.31 9.63 168.34
166.67 170.88 176.36 171.73 8.03 9.40 167.59
166.74 170.95 176.36 171.76 8.00 9.31 167.64
167.76 171.94 177.38 172.71 8.08 9.34 168.65
165.94 170.18 175.59 170.92 8.06 9.24 166.83
166.99 171.20 176.61 171.90 8.10 9.23 167.87
166.11 170.32 175.76 171.06 8.06 9.25 166.99
166.25 170.85 175.83 171.59 8.00 9.19 167.32
167.13 171.34 176.82 172.08 8.14 9.34 168.03
165.44 170.08 175.06 170.81 8.00 9.18 166.52
166.22 170.57 176.01 171.31 8.20 9.38 167.19
166.50 171.17 176.08 171.87 8.05 9.17 167.60
166.78 170.99 176.39 171.76 8.03 9.28 167.67
165.73 170.36 175.31 171.06 8.01 9.13 166.79
166.88 171.10 176.50 171.87 8.04 9.29 167.78
166.39 170.60 176.01 171.34 8.04 9.23 167.27
166.92 171.27 176.68 172.04 8.17 9.42 167.91
166.78 171.34 176.75 172.08 8.39 9.58 167.90
166.99 171.38 176.82 172.11 8.27 9.46 168.00
165.97 170.57 175.97 171.24 8.45 9.50 167.08
167.27 171.83 177.24 172.50 8.48 9.54 168.38
166.60 170.95 176.39 171.66 8.25 9.37 167.57
167.41 171.69 177.13 172.39 8.22 9.35 168.35
166.46 170.81 176.29 171.52 8.28 9.40 167.44
166.50 170.85 176.32 171.59 8.24 9.43 167.48
166.99 171.24 176.68 171.94 8.17 9.30 167.90
165.59 170.25 175.24 170.95 8.07 9.19 166.68
167.41 171.69 177.10 172.36 8.22 9.29 168.34
166.01 170.64 175.66 171.41 8.03 9.28 167.11
167.16 171.48 176.96 172.29 8.18 9.50 168.15
165.87 170.50 175.48 171.24 8.02 9.20 166.95
166.46 170.67 176.11 171.41 8.08 9.27 167.35
166.29 170.95 175.94 171.66 8.10 9.23 167.39
166.57 170.85 176.29 171.55 8.18 9.31 167.49
166.64 170.85 176.32 171.62 8.09 9.34 167.54
166.71 170.92 176.36 171.69 8.06 9.31 167.60
166.46 170.67 176.11 171.45 8.05 9.30 167.35
167.41 171.66 177.06 172.39 8.12 9.32 168.33
166.60 170.78 176.22 171.55 8.02 9.27 167.47
166.64 170.85 176.29 171.62 8.06 9.31 167.53
166.67 170.92 176.36 171.69 8.09 9.34 167.59
167.62 171.90 177.34 172.67 8.17 9.43 168.58
166.53 170.74 176.18 171.52 8.05 9.30 167.43
166.60 170.78 176.22 171.59 7.99 9.31 167.48
166.04 170.29 175.73 171.03 8.09 9.28 166.94
165.90 170.53 175.48 171.24 8.02 9.14 166.97
167.09 171.38 176.75 172.11 8.11 9.30 168.03
165.73 170.36 175.27 171.10 7.95 9.13 166.79
166.25 170.53 175.94 171.24 8.13 9.26 167.16
165.83 170.46 175.41 171.24 7.95 9.20 166.92
166.29 170.64 176.08 171.45 8.14 9.45 167.28
166.57 171.20 176.15 171.94 8.02 9.21 167.66
167.09 171.38 176.82 172.15 8.14 9.40 168.04
166.32 170.53 175.94 171.31 8.01 9.26 167.21
166.29 170.57 176.04 171.38 8.11 9.42 167.24
166.11 170.39 175.80 171.13 8.10 9.28 167.03
166.81 171.10 176.47 171.80 8.13 9.25 167.73
167.20 171.41 176.85 172.15 8.11 9.31 168.10
167.59 171.80 177.20 172.50 8.13 9.26 168.48
166.39 170.64 176.01 171.31 8.11 9.17 167.27
166.46 170.67 176.11 171.41 8.08 9.27 167.35
166.85 171.06 176.47 171.80 8.07 9.26 167.73
166.88 171.13 176.50 171.87 8.07 9.26 167.79
166.99 171.20 176.61 171.90 8.10 9.23 167.87
165.87 170.39 175.45 171.24 7.89 9.27 166.91
166.78 170.95 176.39 171.73 8.03 9.28 167.65
166.01 170.60 175.55 171.31 7.99 9.12 167.05
166.29 170.81 176.22 171.48 8.40 9.45 167.36
165.83 170.46 175.38 171.17 7.98 9.11 166.89
166.32 170.64 176.01 171.34 8.14 9.26 167.25
166.57 171.20 176.11 171.90 8.02 9.15 167.64
167.16 171.38 176.78 172.04 8.14 9.21 168.04
166.25 170.53 175.90 171.24 8.10 9.22 167.16
166.95 171.17 176.57 171.90 8.07 9.26 167.84
167.06 171.31 176.68 171.97 8.14 9.20 167.95
167.09 171.34 176.75 172.04 8.14 9.27 168.00
166.22 170.46 175.90 171.17 8.13 9.25 167.11
166.92 171.13 176.54 171.87 8.07 9.26 167.81
165.97 170.29 175.62 170.99 8.09 9.21 166.89
167.73 172.15 177.52 172.89 8.27 9.47 168.76
165.80 170.43 175.73 171.10 8.37 9.43 166.91
166.43 171.13 176.54 171.83 8.53 9.65 167.62
165.87 170.57 176.01 171.31 8.51 9.69 167.07
167.48 172.11 177.55 172.89 8.49 9.74 168.67
166.74 171.27 176.75 172.01 8.42 9.61 167.85
165.66 170.32 175.27 170.99 8.07 9.13 166.73
166.11 170.46 175.90 171.17 8.23 9.35 167.07
165.80 170.43 175.41 171.10 8.08 9.14 166.86
167.16 171.55 176.96 172.22 8.31 9.37 168.16
166.22 170.85 175.83 171.52 8.10 9.16 167.29
166.43 170.67 176.15 171.38 8.18 9.30 167.33
166.01 170.67 175.62 171.38 8.06 9.18 167.10
166.22 170.85 176.25 171.55 8.46 9.58 167.36
166.88 171.20 176.68 171.94 8.23 9.42 167.85
166.74 170.95 176.43 171.69 8.13 9.31 167.64
166.39 170.78 176.18 171.48 8.24 9.36 167.38
166.50 170.81 176.25 171.52 8.21 9.33 167.44
166.64 170.88 176.29 171.59 8.12 9.25 167.53
166.99 171.24 176.64 171.97 8.10 9.30 167.90
166.99 171.31 176.71 172.01 8.20 9.33 167.94
167.34 171.66 177.06 172.36 8.22 9.35 168.30
166.74 171.17 176.54 171.83 8.29 9.35 167.74
166.57 170.85 176.29 171.62 8.12 9.37 167.51
165.59 170.01 175.45 170.71 8.27 9.38 166.58
164.95 169.66 174.60 170.32 8.07 9.13 166.04
167.02 171.34 176.78 172.04 8.24 9.36 167.98
165.73 170.32 175.34 171.10 7.98 9.23 166.80
166.92 171.20 176.61 171.90 8.17 9.29 167.84
165.55 170.18 175.17 170.92 8.00 9.19 166.63
166.95 171.31 176.75 172.04 8.23 9.42 167.94
165.66 170.29 175.31 171.03 8.04 9.23 166.74
166.25 170.57 175.94 171.20 8.20 9.19 167.17
166.88 171.24 176.61 171.90 8.23 9.29 167.84
166.92 171.27 176.64 171.94 8.23 9.29 167.88
167.09 171.66 177.03 172.32 8.44 9.50 168.20
167.41 171.73 177.10 172.36 8.25 9.26 168.34
166.22 170.53 175.94 171.20 8.20 9.26 167.14
167.20 171.48 176.92 172.15 8.24 9.31 168.13
166.95 171.27 176.64 171.94 8.20 9.26 167.89
167.34 171.66 177.06 172.32 8.25 9.32 168.29
166.22 170.50 175.90 171.17 8.16 9.22 167.12
167.16 171.48 176.85 172.11 8.24 9.24 168.09
167.16 171.52 176.96 172.18 8.31 9.37 168.14
166.18 170.85 175.83 171.52 8.13 9.19 167.28
166.95 171.34 176.78 171.97 8.36 9.36 167.94
165.66 170.36 175.31 170.99 8.14 9.13 166.75
167.16 171.45 176.92 172.11 8.28 9.34 168.10
165.80 170.43 175.45 171.13 8.08 9.20 166.87
166.36 170.64 176.11 171.31 8.24 9.30 167.27
165.62 170.18 175.27 170.95 8.01 9.25 166.68
166.67 171.06 176.50 171.76 8.29 9.41 167.67
166.74 171.17 176.57 171.83 8.32 9.38 167.75
167.48 171.83 177.24 172.46 8.32 9.33 168.45
166.36 170.71 176.11 171.34 8.27 9.26 167.30
167.06 171.38 176.78 171.97 8.30 9.24 167.98
166.43 170.81 176.25 171.48 8.31 9.36 167.41
166.81 171.24 176.64 171.83 8.39 9.32 167.80
166.32 170.99 176.36 171.59 8.56 9.49 167.46
167.16 171.62 177.03 172.29 8.37 9.44 168.20
165.90 170.46 175.87 171.13 8.41 9.46 166.99
166.95 171.48 176.89 172.11 8.46 9.46 168.03
166.18 170.60 176.01 171.24 8.32 9.32 167.17
165.51 170.08 175.13 170.85 7.97 9.22 166.56
165.97 170.43 175.83 171.03 8.38 9.31 166.97
165.97 170.71 175.62 171.31 8.18 9.12 167.08
166.18 170.85 176.22 171.45 8.55 9.48 167.32
165.16 169.90 174.82 170.50 8.14 9.07 166.26
167.13 171.66 176.99 172.22 8.47 9.34 168.18
166.22 170.95 175.87 171.55 8.19 9.13 167.33
166.57 171.10 176.50 171.73 8.44 9.44 167.63
166.46 170.88 176.25 171.52 8.31 9.30 167.45
166.57 170.92 176.32 171.59 8.25 9.31 167.52
166.57 170.99 176.39 171.66 8.31 9.37 167.57
166.71 171.03 176.43 171.69 8.22 9.28 167.64
166.25 170.50 175.90 171.20 8.10 9.22 167.14
166.57 170.85 176.25 171.52 8.18 9.24 167.48
166.60 170.92 176.29 171.59 8.18 9.24 167.53
166.71 170.99 176.36 171.62 8.19 9.19 167.61
166.18 170.43 175.80 171.06 8.13 9.13 167.05
166.85 171.17 176.54 171.76 8.26 9.20 167.76
166.32 170.57 175.97 171.20 8.17 9.17 167.20
165.59 170.25 175.17 170.85 8.10 9.03 166.64
166.78 171.03 176.39 171.66 8.16 9.16 167.65
165.97 170.64 175.55 171.27 8.09 9.08 167.04
166.57 170.85 176.18 171.52 8.12 9.18 167.47
166.08 170.78 175.69 171.41 8.12 9.12 167.17
166.67 170.95 176.32 171.62 8.15 9.22 167.58
165.90 170.57 175.52 171.24 8.08 9.14 166.99
167.09 171.34 176.78 172.08 8.14 9.33 168.01
166.04 170.60 175.62 171.34 7.99 9.18 167.09
167.20 171.45 176.89 172.11 8.21 9.28 168.10
166.39 170.60 176.08 171.31 8.14 9.26 167.27
167.06 171.27 176.75 171.97 8.17 9.30 167.95
167.16 171.34 176.82 172.04 8.15 9.27 168.03
167.20 171.38 176.89 172.11 8.15 9.34 168.08
166.60 170.85 176.32 171.55 8.18 9.31 167.51
166.22 170.57 176.08 171.31 8.26 9.45 167.20
166.92 171.27 176.75 172.01 8.27 9.45 167.91
167.13 171.31 176.82 172.08 8.11 9.37 168.02
167.37 171.66 177.17 172.43 8.22 9.48 168.34
166.92 171.10 176.61 171.83 8.13 9.32 167.80
166.64 170.88 176.36 171.59 8.19 9.31 167.55
165.30 169.90 174.96 170.60 8.06 9.17 166.36
167.66 171.90 177.45 172.64 8.27 9.46 168.60
166.32 170.88 175.97 171.66 8.04 9.29 167.39
166.64 170.85 176.36 171.59 8.15 9.34 167.54
165.59 170.15 175.20 170.88 8.00 9.19 166.63
166.15 170.32 175.87 171.10 8.10 9.35 167.03
165.69 170.29 175.31 171.03 8.01 9.19 166.75
166.53 170.78 176.25 171.48 8.18 9.30 167.44
165.30 169.90 175.41 170.64 8.45 9.62 166.44
167.20 171.76 177.31 172.53 8.51 9.76 168.36
166.36 170.95 176.47 171.73 8.47 9.71 167.52
166.60 170.99 176.50 171.76 8.28 9.53 167.63
166.46 170.74 176.25 171.52 8.18 9.43 167.41
166.88 171.13 176.64 171.90 8.17 9.42 167.82
166.01 170.29 175.80 171.06 8.16 9.40 166.95
167.06 171.27 176.75 172.04 8.11 9.36 167.97
166.71 170.99 176.54 171.80 8.19 9.50 167.68
167.16 171.69 177.24 172.46 8.47 9.73 168.30
165.66 170.22 175.73 170.99 8.40 9.64 166.78
166.50 171.06 176.11 171.80 8.05 9.24 167.56
167.59 171.87 177.41 172.60 8.30 9.49 168.55
165.37 169.94 175.03 170.71 8.00 9.24 166.43
166.92 171.03 176.57 171.80 8.07 9.32 167.77
165.80 170.32 175.41 171.13 7.95 9.26 166.84
166.25 170.57 176.08 171.31 8.23 9.42 167.21
166.22 170.85 175.87 171.55 8.10 9.22 167.30
166.74 170.99 176.47 171.73 8.16 9.35 167.66
165.90 170.15 175.66 170.92 8.12 9.36 166.82
167.73 172.01 177.52 172.81 8.21 9.53 168.71
166.39 170.88 176.39 171.69 8.34 9.65 167.49
167.02 171.59 177.03 172.32 8.43 9.62 168.15
166.22 170.74 176.22 171.48 8.39 9.58 167.31
167.09 171.41 176.89 172.15 8.24 9.43 168.07
166.95 171.13 176.64 171.90 8.10 9.36 167.84
167.02 171.24 176.68 171.97 8.11 9.30 167.92
166.46 170.71 176.15 171.41 8.14 9.27 167.36
166.53 170.74 176.18 171.48 8.08 9.27 167.42
167.20 171.41 176.85 172.11 8.15 9.28 168.09
165.51 170.11 175.06 170.85 7.94 9.12 166.56
166.95 171.24 176.64 171.90 8.20 9.26 167.87
165.62 170.25 175.20 170.92 8.04 9.10 166.68
166.15 170.43 175.83 171.17 8.10 9.28 167.07
165.80 170.39 175.34 171.13 7.95 9.14 166.85
166.88 171.20 176.64 171.90 8.23 9.36 167.84
165.87 170.53 175.48 171.20 8.08 9.14 166.95
167.34 171.66 177.06 172.32 8.25 9.32 168.29
166.18 170.46 175.87 171.17 8.13 9.25 167.09
167.16 171.45 176.85 172.11 8.21 9.27 168.09
166.32 170.60 176.04 171.31 8.17 9.29 167.24
166.74 170.99 176.36 171.69 8.09 9.22 167.64
166.57 171.06 176.43 171.73 8.34 9.40 167.61
167.37 171.73 177.06 172.39 8.22 9.29 168.34
166.57 170.85 176.25 171.55 8.15 9.27 167.49
166.99 171.20 176.64 171.90 8.14 9.26 167.87
166.01 170.36 175.73 171.06 8.16 9.28 166.96
166.67 171.06 176.47 171.76 8.25 9.38 167.66
165.59 170.22 175.59 170.88 8.43 9.48 166.71
165.51 170.15 175.06 170.81 8.00 9.06 166.56
166.95 171.27 176.57 171.90 8.17 9.17 167.87
165.62 170.29 175.17 170.92 8.04 9.03 166.68
167.09 171.38 176.71 172.04 8.14 9.21 168.00
165.73 170.36 175.31 171.03 8.04 9.10 166.78
166.29 170.88 176.25 171.52 8.46 9.45 167.39
165.23 169.76 174.78 170.53 7.89 9.14 166.25
166.32 170.64 176.08 171.31 8.23 9.29 167.26
165.90 170.11 175.52 170.78 8.08 9.14 166.75
166.81 171.10 176.47 171.73 8.19 9.19 167.71
165.97 170.25 175.62 170.92 8.12 9.18 166.86
166.67 170.92 176.36 171.59 8.19 9.25 167.57
165.76 170.08 175.48 170.81 8.11 9.29 166.70
167.06 171.31 176.78 172.08 8.14 9.40 167.99
166.78 171.10 176.54 171.80 8.22 9.35 167.73
166.85 171.17 176.57 171.87 8.20 9.32 167.80
166.57 170.95 176.36 171.59 8.31 9.31 167.54
166.99 171.24 176.71 171.94 8.20 9.33 167.90
166.46 170.71 176.15 171.41 8.14 9.27 167.36
167.48 171.69 177.13 172.43 8.13 9.32 168.38
166.53 170.85 176.29 171.52 8.25 9.31 167.47
165.55 170.18 175.17 170.88 8.03 9.16 166.62
166.88 171.27 176.71 172.01 8.26 9.45 167.89
165.37 170.01 174.99 170.71 8.03 9.15 166.44
166.57 170.81 176.25 171.48 8.18 9.24 167.46
166.11 170.74 175.73 171.45 8.06 9.19 167.19
166.71 170.99 176.36 171.62 8.19 9.19 167.61
166.25 170.92 175.83 171.59 8.07 9.13 167.34
166.81 171.06 176.47 171.73 8.16 9.22 167.70
165.94 170.25 175.62 170.92 8.15 9.21 166.85
166.95 171.27 176.57 171.87 8.20 9.14 167.86
166.74 170.99 176.32 171.66 8.09 9.16 167.62
166.78 171.06 176.39 171.69 8.16 9.16 167.67
167.45 171.73 177.06 172.36 8.19 9.19 168.35
167.52 171.80 177.10 172.43 8.16 9.16 168.42
166.67 170.92 176.25 171.59 8.09 9.15 167.55
166.71 170.95 176.32 171.66 8.09 9.22 167.60
166.22 170.46 175.80 171.13 8.07 9.13 167.09
167.09 171.45 176.78 172.11 8.21 9.27 168.05
166.32 170.92 176.25 171.55 8.43 9.42 167.42
166.18 170.85 175.73 171.48 8.06 9.06 167.25
166.04 170.67 176.04 171.34 8.45 9.50 167.17
165.06 169.73 174.60 170.39 7.98 9.03 166.12
166.18 170.85 176.18 171.52 8.46 9.51 167.33
166.11 170.81 175.66 171.41 8.09 9.03 167.19
166.67 171.27 176.61 171.90 8.45 9.44 167.78
166.22 170.88 175.76 171.52 8.06 9.07 167.29
166.43 171.10 176.43 171.73 8.50 9.49 167.57
166.53 171.13 176.47 171.80 8.41 9.47 167.64
166.81 171.20 176.54 171.83 8.26 9.26 167.78
166.67 170.95 176.32 171.66 8.12 9.25 167.59
166.78 171.03 176.36 171.69 8.09 9.16 167.66
166.85 171.10 176.43 171.76 8.10 9.16 167.73
166.88 171.17 176.50 171.80 8.16 9.16 167.78
166.57 170.92 176.25 171.55 8.21 9.21 167.51
166.88 171.31 176.64 171.90 8.33 9.26 167.87
166.71 171.06 176.39 171.66 8.25 9.19 167.64
166.81 171.10 176.47 171.76 8.16 9.22 167.72
166.60 170.88 176.22 171.52 8.15 9.15 167.49
165.80 170.46 175.38 171.13 8.05 9.11 166.87
166.67 170.95 176.32 171.62 8.15 9.22 167.58
166.22 170.92 175.80 171.59 8.07 9.13 167.32
166.81 171.06 176.47 171.76 8.13 9.25 167.71
166.67 171.34 176.22 172.01 8.05 9.12 167.76
166.95 171.20 176.61 171.94 8.10 9.29 167.86
165.55 170.25 175.17 170.95 8.03 9.16 166.65
166.36 170.74 176.11 171.45 8.20 9.33 167.34
166.50 171.06 176.47 171.80 8.38 9.56 167.61
166.88 171.48 176.82 172.15 8.42 9.49 168.00
166.71 171.20 176.61 171.90 8.35 9.48 167.77
166.85 171.27 176.68 171.94 8.33 9.39 167.86
166.53 171.03 176.43 171.73 8.34 9.47 167.59
167.66 172.01 177.41 172.71 8.27 9.40 168.64
166.36 170.81 176.22 171.52 8.30 9.42 167.39
166.85 171.17 176.61 171.94 8.16 9.42 167.82
166.88 171.27 176.71 172.01 8.26 9.45 167.89
167.06 171.34 176.78 172.11 8.14 9.40 168.01
165.80 170.18 175.59 170.88 8.21 9.33 166.77
165.76 170.46 175.41 171.13 8.11 9.17 166.87
166.64 170.92 176.36 171.66 8.15 9.34 167.57
165.87 170.53 175.48 171.24 8.05 9.17 166.96
166.43 170.67 176.11 171.45 8.08 9.33 167.34
166.01 170.67 175.62 171.38 8.06 9.18 167.10
167.13 171.45 176.89 172.18 8.21 9.40 168.10
165.80 170.46 175.48 171.20 8.08 9.26 166.91
166.04 170.36 175.80 171.06 8.19 9.31 166.98
166.04 170.39 175.87 171.13 8.22 9.41 167.02
167.30 171.69 177.13 172.43 8.28 9.48 168.32
166.15 170.57 175.97 171.27 8.26 9.38 167.15
166.85 171.24 176.71 171.94 8.33 9.45 167.85
166.04 170.36 175.83 171.10 8.19 9.37 166.99
166.78 171.03 176.50 171.73 8.19 9.32 167.69
165.94 170.15 175.66 170.92 8.09 9.33 166.83
166.60 170.81 176.32 171.59 8.12 9.37 167.51
166.36 170.57 176.04 171.31 8.11 9.29 167.24
166.43 170.64 176.11 171.38 8.11 9.30 167.32
165.59 169.80 175.27 170.53 8.07 9.25 166.46
166.04 170.64 175.66 171.38 8.03 9.21 167.11
166.32 170.50 175.97 171.24 8.07 9.26 167.19
165.87 170.39 175.45 171.20 7.92 9.23 166.91
165.83 170.04 175.48 170.74 8.08 9.20 166.69
166.29 170.85 175.87 171.62 7.97 9.23 167.34
167.52 171.69 177.17 172.46 8.10 9.36 168.41
166.15 170.78 175.73 171.48 8.03 9.16 167.22
167.34 171.52 176.99 172.25 8.12 9.31 168.22
165.94 170.32 175.55 171.27 7.83 9.39 166.94
166.25 170.46 175.87 171.17 8.07 9.19 167.12
166.57 170.85 176.25 171.52 8.18 9.24 167.48
166.67 170.88 176.32 171.55 8.15 9.22 167.54
166.74 170.92 176.39 171.66 8.09 9.28 167.61
167.09 171.31 176.75 172.01 8.14 9.27 167.98
166.43 170.74 176.18 171.45 8.21 9.33 167.37
166.53 170.85 176.22 171.52 8.18 9.24 167.46
166.88 171.24 176.61 171.90 8.23 9.29 167.84
166.39 170.67 176.04 171.34 8.14 9.20 167.29
167.02 171.34 176.78 172.04 8.24 9.36 167.98
167.09 171.41 176.85 172.11 8.24 9.37 168.05
166.22 170.53 175.97 171.24 8.20 9.32 167.16
166.46 171.06 176.04 171.80 8.01 9.20 167.53
166.36 170.67 176.08 171.31 8.24 9.23 167.28
165.41 170.01 174.96 170.67 7.99 9.05 166.44
166.64 171.13 176.50 171.80 8.35 9.41 167.68
166.11 170.74 175.69 171.41 8.06 9.12 167.18
166.43 170.95 176.36 171.59 8.43 9.43 167.49
165.02 169.62 174.60 170.29 8.01 9.06 166.05
166.81 171.31 176.75 172.01 8.39 9.51 167.88
166.04 170.50 175.87 171.20 8.25 9.37 167.06
166.29 170.85 176.29 171.55 8.43 9.55 167.39
166.11 170.67 176.04 171.38 8.36 9.48 167.20
166.25 170.71 176.08 171.41 8.26 9.39 167.28
166.53 170.78 176.18 171.48 8.12 9.24 167.43
167.52 171.80 177.13 172.43 8.19 9.20 168.42
166.36 170.60 175.97 171.27 8.11 9.17 167.23
167.30 171.62 176.96 172.22 8.25 9.19 168.22
166.46 170.74 176.11 171.41 8.14 9.20 167.36
167.06 171.41 176.78 172.04 8.27 9.27 168.01
166.18 170.53 175.90 171.24 8.16 9.29 167.13
166.43 170.99 176.01 171.73 8.01 9.20 167.48
166.60 171.27 176.64 171.97 8.48 9.60 167.77
166.53 171.20 176.11 171.87 8.08 9.15 167.62
166.85 171.41 176.75 172.08 8.39 9.45 167.94
165.48 170.15 175.06 170.81 8.03 9.09 166.55
165.97 170.36 175.66 170.99 8.18 9.18 166.92
165.59 170.29 175.17 170.92 8.07 9.06 166.67
166.22 170.50 175.83 171.13 8.13 9.13 167.10
166.85 171.13 176.50 171.76 8.19 9.19 167.75
166.88 171.17 176.50 171.80 8.16 9.16 167.78
166.01 170.32 175.66 170.95 8.15 9.15 166.91
166.29 170.71 176.08 171.34 8.30 9.29 167.27
167.34 171.69 177.03 172.29 8.28 9.22 168.28
167.13 171.41 176.75 172.04 8.17 9.18 168.03
166.29 170.57 175.97 171.20 8.20 9.20 167.18
167.27 171.52 176.92 172.18 8.18 9.25 168.17
166.39 170.67 176.08 171.34 8.17 9.23 167.30
166.78 171.06 176.47 171.76 8.16 9.29 167.70
165.97 170.25 175.62 170.92 8.12 9.18 166.86
165.20 169.87 174.82 170.50 8.08 9.07 166.26
166.67 170.95 176.32 171.59 8.19 9.18 167.57
165.94 170.53 175.55 171.24 8.05 9.18 166.99
166.50 170.74 176.18 171.41 8.18 9.24 167.39
165.13 169.80 174.71 170.39 8.08 9.01 166.18
166.32 170.92 176.25 171.48 8.49 9.36 167.40
166.15 170.85 175.76 171.48 8.13 9.13 167.24
166.15 170.67 176.08 171.31 8.42 9.41 167.20
166.39 170.78 176.15 171.41 8.27 9.27 167.36
166.36 170.81 176.22 171.45 8.37 9.36 167.37
166.11 170.57 176.01 171.24 8.35 9.41 167.14
166.81 171.27 176.71 171.94 8.39 9.45 167.85
166.50 171.03 176.43 171.66 8.44 9.43 167.56
166.67 171.13 176.50 171.76 8.35 9.35 167.69
166.71 171.17 176.57 171.80 8.38 9.38 167.73
167.37 171.80 177.24 172.46 8.38 9.45 168.40
166.32 170.95 176.39 171.62 8.53 9.58 167.47
167.16 171.62 177.06 172.32 8.37 9.50 168.22
166.25 170.74 176.18 171.48 8.33 9.51 167.32
165.73 170.39 175.38 171.06 8.11 9.17 166.81
166.71 171.20 176.64 171.87 8.42 9.48 167.77
165.55 170.22 175.20 170.88 8.10 9.16 166.63
166.85 171.31 176.75 172.01 8.36 9.48 167.89
165.41 170.04 175.03 170.71 8.06 9.12 166.47
167.20 171.76 177.24 172.46 8.51 9.63 168.33
165.80 170.46 175.48 171.17 8.11 9.23 166.90
166.29 170.60 176.11 171.34 8.23 9.42 167.25
166.08 170.39 175.90 171.13 8.22 9.41 167.03
166.11 170.43 175.90 171.13 8.23 9.35 167.06
165.41 169.90 175.38 170.60 8.35 9.47 166.46
167.34 171.80 177.31 172.50 8.45 9.58 168.41
166.39 170.92 176.43 171.62 8.47 9.59 167.49
166.32 170.67 176.18 171.38 8.30 9.42 167.30
166.50 171.06 176.54 171.76 8.47 9.59 167.61
166.95 171.45 176.92 172.15 8.43 9.55 168.03
